 0.00161562   0.0107105   0.0231788    0.236275   0.0960473   0.0384002    0.553755   0.0289171   0.0064297  0.00455054 0.000120155
 0.00174974   0.0126178   0.0233665    0.227163   0.0918441    0.031898    0.560104   0.0375652  0.00856325  0.00501984 0.000109149
 0.00189218   0.0147254    0.023367    0.218689   0.0872502   0.0255185    0.564385   0.0474024   0.0111314  0.00553922 0.000100247
 0.00204321   0.0170329   0.0231747    0.210866   0.0823171   0.0194809    0.566418   0.0583095   0.0141534  0.00611023 9.41801e-05
  0.0022031   0.0195371   0.0227875    0.203696   0.0771049   0.0139962    0.566053   0.0701518   0.0176446  0.00673401 9.17467e-05
 0.00237211   0.0222319   0.0222067    0.197168   0.0716821  0.00926105    0.563174   0.0827823   0.0216162  0.00741123 9.38112e-05
0.00255053  0.0251081  0.0214379   0.191265  0.0661246 0.00545102   0.557701  0.0960435   0.026075 0.00814208  0.0001013
 0.00273863   0.0281534   0.0204904    0.185958   0.0605148  0.00271554    0.549594    0.109771   0.0310229  0.00892622 0.000115196
 0.00293671   0.0313525   0.0193776    0.181212   0.0549404  0.00117308    0.538857    0.123794   0.0364567  0.00976276 0.000136533
 0.00314507   0.0346869   0.0181167    0.176984   0.0494927 0.000907616    0.525538    0.137943   0.0423682   0.0106502 0.000166391
   0.003364   0.0381351   0.0167288    0.173228   0.0442656  0.00196609    0.509729    0.152047   0.0487439   0.0115865 0.000205881
 0.00359382   0.0416728   0.0152384    0.169891   0.0393531   0.0043571    0.491563     0.16594   0.0555653    0.012569 0.000256144
 0.00383483   0.0452731   0.0136733     0.16692   0.0348481  0.00805074    0.471216    0.179462   0.0628089   0.0135943 0.000318336
 0.00408734   0.0489065   0.0120641    0.164258   0.0308402   0.0129798    0.448903    0.192463    0.070446   0.0146587 0.000393617
 0.00435164   0.0525418   0.0104437    0.161848   0.0274136   0.0190418    0.424872    0.204803    0.078444   0.0157577 0.000483141
 0.00462802   0.0561459  0.00884687    0.159636   0.0246454   0.0261025      0.3994    0.216355   0.0867658   0.0168862 0.000588042
 0.00491675   0.0596844  0.00730973    0.157567   0.0226036   0.0340002    0.372791    0.227009   0.0953707   0.0180387 0.000709423
 0.00521805   0.0631222  0.00586895     0.15559   0.0213454   0.0425507    0.345364    0.236669    0.104215   0.0192092 0.000848339
0.00553213  0.0664239 0.00456127   0.153657  0.0209158  0.0515529   0.317452   0.245256   0.113252  0.0203911 0.00100579
0.00585913  0.0695541  0.0034228   0.151725  0.0213457  0.0607953   0.289392    0.25271   0.122435  0.0215776 0.00118271
0.00619915  0.0724784 0.00248834   0.149756  0.0226514   0.070062   0.261522   0.258988   0.131713  0.0227615 0.00137993
 0.00156957   0.0105535   0.0229888    0.241539   0.0882929   0.0361099    0.559186   0.0281567  0.00679074  0.00469619 0.000116527
 0.00169991   0.0124419   0.0231952    0.232182   0.0841445   0.0296764    0.565835   0.0365623  0.00897955  0.00517822 0.000104744
 0.00183843   0.0145303   0.0232151    0.223445   0.0796414   0.0234122    0.570373   0.0461305    0.011608  0.00571098 9.49835e-05
 0.00198538   0.0168186   0.0230425    0.215341   0.0748347    0.017536    0.572619   0.0567437   0.0146951  0.00629596 8.79684e-05
 0.00214108   0.0193038   0.0226747    0.207874   0.0697838    0.012258     0.57242   0.0682696   0.0182561  0.00693425 8.44887e-05
 0.00230579     0.02198    0.022113    0.201036   0.0645563  0.00777259    0.569659   0.0805636    0.022302  0.00762647 8.53994e-05
 0.00247984   0.0248384   0.0213622    0.194811   0.0592268  0.00425245    0.564254    0.093471   0.0268391  0.00837272 9.16163e-05
 0.00266354   0.0278669   0.0204315    0.189174   0.0538763  0.00184313    0.556169     0.10683    0.031869  0.00917259 0.000104112
  0.0028572   0.0310504   0.0193337    0.184091   0.0485908 0.000658499    0.545406    0.120475   0.0373882   0.0100251 0.000123908
 0.00306118   0.0343707   0.0180859    0.179523   0.0434597 0.000777234    0.532016    0.134238    0.043388   0.0109286  0.00015207
 0.00327582   0.0378067   0.0167086    0.175425   0.0385745  0.00224045    0.516091    0.147952   0.0498545   0.0118811 0.000189698
 0.00350146   0.0413343   0.0152263    0.171748    0.034027  0.00505053    0.497771    0.161456   0.0567685   0.0128795 0.000237918
 0.00373848   0.0449268   0.0136663     0.16844   0.0299073  0.00917109    0.477233    0.174592    0.064106   0.0139207 0.000297871
 0.00398723   0.0485551   0.0120592    0.165448   0.0263021   0.0145283    0.454696    0.187216   0.0718378   0.0150005 0.000370702
 0.00424807   0.0521881   0.0104375    0.162717   0.0232925   0.0210133    0.430412    0.199189   0.0799306   0.0161144 0.000457549
 0.00452134   0.0557928  0.00883617    0.160194   0.0209524   0.0284856    0.404663    0.210391   0.0883468   0.0172572 0.000559531
 0.00480737   0.0593353  0.00729105    0.157826   0.0193463   0.0367775    0.377757    0.220713   0.0970451   0.0184232 0.000677733
 0.00510646   0.0627804  0.00583889    0.155565   0.0185278   0.0456994    0.350019    0.230063    0.105981   0.0196062 0.000813197
 0.00541887    0.066093  0.00451651    0.153364   0.0185382   0.0550454    0.321784    0.238365    0.115108   0.0207996 0.000966907
0.00574482  0.0692377 0.00336012   0.151181  0.0194048  0.0645998   0.293396   0.245562   0.124378  0.0219963 0.00113978
0.00608447  0.0721802 0.00240471   0.148979  0.0211401  0.0741436   0.265194   0.251613    0.13374  0.0231889 0.00133263
 0.00152446   0.0103964    0.022784    0.246689   0.0807735   0.0339694    0.564369   0.0273742   0.0071633  0.00484383 0.000113226
  0.0016511   0.0122655   0.0230087    0.237084   0.0766942   0.0276121    0.571304   0.0355325  0.00940768  0.00533871 0.000100692
0.00178574  0.0143344  0.0230476    0.22808  0.0722958  0.0214694   0.576089  0.0448271  0.0120966 0.00588494 9.0098e-05
 0.00192869   0.0166032   0.0228945    0.219691   0.0676285   0.0157601    0.578537   0.0551423    0.015249  0.00648398 8.21599e-05
 0.00208024    0.019069   0.0225462    0.211923   0.0627511    0.010693    0.578495   0.0663479   0.0188799  0.00713687 7.76589e-05
0.00224072  0.0217263  0.0220036   0.204772  0.0577299 0.00646037   0.575844  0.0783018      0.023 0.00784416  7.744e-05
 0.00241045   0.0245664   0.0212712    0.198223   0.0526384  0.00323189    0.570503   0.0908523   0.0276153  0.00860588 8.24087e-05
 0.00258979   0.0275776   0.0203577    0.192253   0.0475559   0.0011492    0.562434    0.103841   0.0327271  0.00942154 9.35257e-05
 0.00277909    0.030745   0.0192756    0.186831   0.0425667 0.000321515    0.551643    0.117105   0.0383315     0.01029 0.000111801
 0.00297873   0.0340509   0.0180417    0.181922    0.037758 0.000822247     0.53818     0.13048   0.0444192   0.0112097 0.000138287
  0.0031891   0.0374741   0.0166761    0.177482   0.0332193  0.00268672    0.522141    0.143803   0.0509758   0.0121783 0.000174071
  0.0034106    0.040991    0.015203    0.173465   0.0290396  0.00591114    0.503668    0.156917   0.0579818   0.0131928 0.000220262
 0.00364365   0.0445752   0.0136495    0.169821   0.0253065   0.0104528    0.482943    0.169668   0.0654124   0.0142497 0.000277987
 0.00388865   0.0481978   0.0120459      0.1665   0.0221036   0.0162313    0.460188    0.181914    0.073238   0.0153449 0.000348377
 0.00414603   0.0518279   0.0104247    0.163449    0.019509   0.0231315    0.435659    0.193523   0.0814247   0.0164736 0.000432551
 0.00441619   0.0554329  0.00882055    0.160616   0.0175932   0.0310067    0.409642    0.204376   0.0899342   0.0176306 0.000531614
 0.00469951   0.0589788  0.00726938    0.157953   0.0164173   0.0396834     0.38245    0.214368   0.0987247     0.01881 0.000646635
 0.00499636   0.0624308  0.00580789     0.15541   0.0160315   0.0489668    0.354411     0.22341    0.107751   0.0200054 0.000778638
 0.00530707   0.0657539  0.00447295    0.152944   0.0164733   0.0586465    0.325867     0.23143    0.116967     0.02121 0.000928592
0.00563192  0.0689128 0.00330088   0.150514  0.0177664  0.0685027   0.297163   0.238373   0.126322  0.0224167 0.00109739
0.00597115  0.0718733 0.00232681   0.148083  0.0199197  0.0783133   0.268644   0.244199   0.135766  0.0236179 0.00128586
  0.0014803   0.0102392   0.0225646    0.251718   0.0735059   0.0319758    0.569293   0.0265721  0.00754729  0.00499343 0.000110262
 0.00160328   0.0120888   0.0228071    0.241861   0.0695104   0.0257015    0.576503    0.034479  0.00984754  0.00550125 9.70007e-05
 0.00173412   0.0141379   0.0228648    0.232585   0.0652305   0.0196863    0.581522   0.0434961   0.0125972  0.00606106 8.55997e-05
 0.00187311   0.0163868    0.022731    0.223907   0.0607157   0.0141488    0.584162   0.0535094    0.015815  0.00667425 7.67648e-05
 0.00202059   0.0188328   0.0224021    0.215836   0.0560237  0.00929638    0.584269   0.0643912   0.0195159  0.00734182 7.12682e-05
 0.00217689   0.0214708   0.0218787    0.208368   0.0512199  0.00531914     0.58172   0.0760019   0.0237101  0.00806425 6.99453e-05
 0.00234236   0.0242922    0.021165    0.201493   0.0463762  0.00238361    0.576437   0.0881927   0.0284036   0.0088415 7.36906e-05
 0.00251739   0.0272856   0.0202692    0.195188   0.0415702 0.000627508     0.56838    0.100808    0.033597  0.00967298 8.34531e-05
 0.00270236   0.0304366   0.0192035    0.189428   0.0368842 0.000155417    0.557557    0.113689   0.0392861   0.0105575  0.00010023
 0.00289771   0.0337273   0.0179842    0.184176   0.0324036  0.00103548     0.54402    0.126676   0.0454612   0.0114933 0.000125061
 0.00310385   0.0371373   0.0166313    0.179394   0.0282152  0.00329726    0.527869    0.139608   0.0521075    0.012478 0.000159018
 0.00332123    0.040643   0.0151685    0.175037   0.0244058  0.00693087    0.509246    0.152331   0.0592047   0.0135085 0.000203197
 0.00355033   0.0442184   0.0136229    0.171059   0.0210598   0.0118873    0.488338    0.164697   0.0667276   0.0145811 0.000258708
  0.0037916   0.0478347   0.0120243    0.167409   0.0182582   0.0180798     0.46537    0.176567   0.0746461   0.0156916 0.000326666
 0.00404552   0.0514614   0.0104052     0.16404   0.0160758   0.0253869    0.440603    0.187813   0.0829256   0.0168352 0.000408176
 0.00431255   0.0550661  0.00880003    0.160901   0.0145799   0.0336561    0.414328    0.198318   0.0915274   0.0180062 0.000504322
0.00459315   0.058615 0.00724473   0.157944  0.0138281  0.0427082    0.38686   0.207983   0.100409  0.0191988 0.00061616
 0.00488774   0.0620735  0.00577595    0.155123   0.0138671   0.0523432    0.358533    0.216721    0.109525   0.0204064 0.000744697
 0.00519672   0.0654066  0.00443058    0.152396   0.0147309   0.0623462    0.329691    0.224462    0.118827   0.0216222 0.000890885
0.00552044  0.0685794 0.00324505   0.149722  0.0164395  0.0724939   0.300686   0.231153   0.128266  0.0228386 0.00105561
0.00585919  0.0715575 0.00225462   0.147066  0.0189983   0.082561   0.271865   0.236759   0.137792  0.0240482 0.00123966
 0.00143707   0.0100818   0.0223309    0.256618   0.0665065   0.0301259    0.573951   0.0257535  0.00794261  0.00514494 0.000107639
 0.00155647   0.0119117   0.0225909    0.246504   0.0626097    0.023941    0.581422   0.0334051    0.010299  0.00566581 9.36788e-05
 0.00168356   0.0139407    0.022667    0.236953   0.0584622    0.018059    0.586664    0.042141   0.0131096  0.00623928 8.14974e-05
 0.00181866   0.0161694   0.0225522    0.227983    0.054113   0.0126977    0.589486   0.0518492    0.016393  0.00686671 7.17928e-05
 0.00196212   0.0185954   0.0222428    0.219605   0.0496186  0.00806324    0.589731   0.0624041   0.0201638  0.00754903 6.53278e-05
 0.00211429   0.0212136   0.0217387    0.211819   0.0450429  0.00434344    0.587277    0.073669   0.0244321  0.00828666 6.29275e-05
 0.00227556   0.0240159   0.0210439    0.204615   0.0404564  0.00170165    0.582045   0.0854981   0.0292035  0.00907949 6.54754e-05
 0.00244633   0.0269911   0.0201662    0.197975   0.0359351  0.00027162    0.573996   0.0977391   0.0344783  0.00992683 7.39086e-05
 0.00262703    0.030125   0.0191175    0.191874   0.0315591 0.000153286    0.563139    0.110236   0.0402518   0.0108274 8.92116e-05
0.00281811  0.0334002  0.0179136    0.18628  0.0274116 0.00140954   0.549528   0.122833  0.0465138  0.0117794 0.00011241
0.00302006  0.0367964  0.0165744   0.181156  0.0235771 0.00406425   0.533265   0.135373  0.0532491  0.0127801 0.00014456
 0.00323336   0.0402904   0.0151231    0.176461   0.0201396  0.00810147    0.514495    0.147706   0.0604368   0.0138266 0.000186745
 0.00345852   0.0438564   0.0135865    0.172149   0.0171809    0.013466    0.493408    0.159689   0.0680513   0.0149149 0.000240058
 0.00369607   0.0474659   0.0119944    0.168174   0.0147789   0.0200648    0.470234    0.171184   0.0760617   0.0160407 0.000305596
 0.00394654   0.0510888    0.010379    0.164489   0.0130052   0.0277704    0.445237    0.182068    0.084433   0.0171989 0.000384449
 0.00421044   0.0546926  0.00877464    0.161046   0.0119239   0.0364243    0.418712    0.192229   0.0931258   0.0183839 0.000477686
  0.0044883    0.058244   0.0072171    0.157799   0.0115893   0.0458419    0.390979    0.201568    0.102097   0.0195896 0.000586342
 0.00478061   0.0617086  0.00574304    0.154703   0.0120445   0.0558183    0.362376    0.210004    0.111301   0.0208093 0.000711409
 0.00508782   0.0650514  0.00438938    0.151718     0.01332   0.0661344    0.333251     0.21747    0.120689   0.0220359 0.000853823
0.00541036  0.0682376 0.00319259   0.148804  0.0154325   0.076563   0.303959   0.223914   0.130211   0.023262 0.00101445
0.00574858   0.071233 0.00218808   0.145928  0.0183837  0.0868762    0.27485   0.229303   0.139815  0.0244797 0.00119408
 0.00139478  0.00992443   0.0220833    0.261383   0.0597917   0.0284164    0.578333   0.0249211  0.00834917  0.00529833 0.000105366
 0.00151066   0.0117343   0.0223602    0.251008   0.0560083    0.022327    0.586053   0.0323141   0.0107619  0.00583234 9.07335e-05
 0.00163406    0.013743   0.0224544    0.241177   0.0520073    0.016583    0.591505   0.0407657   0.0136336  0.00641955 7.77997e-05
 0.00176533   0.0159511   0.0223584    0.231912   0.0478366    0.011402    0.594498   0.0501658   0.0169827  0.00706129 6.72535e-05
 0.00190483   0.0183566   0.0220683    0.223225   0.0435516  0.00698835    0.594872   0.0603915   0.0208234  0.00775843 5.98482e-05
 0.00205293   0.0209547   0.0215837    0.215118   0.0392148  0.00352759    0.592506   0.0713084   0.0251658  0.00851132 5.63985e-05
 0.00221004   0.0237375   0.0209081    0.207584   0.0348949  0.00117984    0.587319   0.0827739   0.0300149  0.00931977 5.77764e-05
 0.00237661   0.0266941   0.0200489    0.200608    0.030666 7.48911e-05    0.579274   0.0946391   0.0353708    0.010183 6.49067e-05
 0.00255308   0.0298105   0.0190177    0.194166   0.0266062 0.000308005     0.56838    0.106751   0.0412282   0.0110997 7.87608e-05
0.00273994  0.0330697  0.0178301    0.18823  0.0227965 0.00193686   0.554694   0.118958  0.0475767  0.0120678 0.00010035
 0.00293773   0.0364516   0.0165054    0.182765   0.0193188  0.00497966    0.538319    0.131107   0.0544003   0.0130846 0.000130717
 0.00314697   0.0399334   0.0150667    0.177732   0.0162545  0.00941451    0.519405    0.143051   0.0616778    0.014147 0.000170927
 0.00336822   0.0434894   0.0135405    0.173088   0.0136825     0.01518    0.498145     0.15465   0.0693829   0.0152509 0.000222058
 0.00360207   0.0470917   0.0119563     0.16879   0.0116777   0.0221772    0.474771    0.165773   0.0774843   0.0163918 0.000285192
 0.00384908     0.05071   0.0103462    0.164792   0.0103087   0.0302725    0.449552    0.176297   0.0859463   0.0175646 0.000361401
 0.00410986   0.0543126  0.00874439    0.161048  0.00963608   0.0393016    0.422787    0.186116   0.0947289   0.0187634 0.000451734
 0.00438496    0.057866  0.00718648    0.157515  0.00971093   0.0490747      0.3948    0.195134    0.103789   0.0199821 0.000557212
 0.00467496   0.0613361  0.00570915    0.154149    0.010573   0.0593822    0.365933    0.203271    0.113079   0.0212137 0.000678809
 0.00498037   0.0646882  0.00434929     0.15091   0.0122492   0.0700007    0.336538    0.210464    0.122551   0.0224511 0.000817444
 0.00530169   0.0678875  0.00314344    0.147762    0.014753   0.0806998    0.306974    0.216665    0.132154   0.0236866 0.000973968
0.00563934     0.0709 0.00212712    0.14467  0.0180827  0.0912487   0.277594   0.221841   0.141836  0.0249122 0.00114915
 0.00135343  0.00976703   0.0218222    0.266004    0.053377   0.0268436    0.582431   0.0240779  0.00876684  0.00545356 0.000103448
 0.00146584   0.0115566   0.0221155    0.255364    0.049722   0.0208553    0.590387   0.0312094   0.0112362  0.00600079 8.81725e-05
0.00158562  0.0135447  0.0222274    0.24525  0.0458815  0.0152541   0.596037  0.0393739  0.0141692 0.00660183 7.4515e-05
 0.00171312    0.015732   0.0221501    0.235687   0.0419023   0.0102568     0.59919   0.0484637    0.017584  0.00725795 6.31563e-05
0.00184871  0.0181167  0.0218792   0.226689  0.0378384 0.00606633   0.599685   0.058358  0.0214947 0.00796997  5.484e-05
  0.0019928   0.0206943    0.021414    0.218259   0.0337508  0.00286572    0.597398   0.0689254    0.025911  0.00873817 5.03699e-05
 0.00214582   0.0234572   0.0207578    0.210394   0.0297065 0.000811848     0.59225   0.0800261   0.0308376  0.00956228 5.06065e-05
 0.00230822   0.0263947   0.0199175    0.203081   0.0257776  3.0495e-05    0.584204   0.0915146   0.0362742   0.0104414 5.64618e-05
 0.00248051   0.0294931   0.0189044    0.196299     0.02204  0.00061228    0.573271    0.103242   0.0422151   0.0113742 6.88939e-05
  0.0026632   0.0327358   0.0177337    0.190021   0.0185722  0.00260969    0.559509    0.115059   0.0486495   0.0123584 8.88995e-05
 0.00285686   0.0361029   0.0164245    0.184216   0.0154537  0.00603532    0.543024    0.126817   0.0555607   0.0133913 0.000117506
 0.00306206   0.0395719   0.0149995    0.178847   0.0127632   0.0108614    0.523969    0.138373   0.0629272   0.0144695 0.000155764
 0.00327943   0.0431175    0.013485    0.173874   0.0105768   0.0170205     0.50254    0.149591    0.070722    0.015589 0.000204734
0.00350958  0.0467119  0.0119102   0.169255 0.00896615  0.0244077   0.478973   0.160342  0.0789134   0.016745 0.00026548
 0.00375315   0.0503254   0.0103069    0.164947  0.00799684   0.0328835    0.453541     0.17051   0.0874649   0.0179322 0.000339056
 0.00401079   0.0539261   0.0087093    0.160907  0.00772629    0.042278    0.426546    0.179989   0.0963361   0.0191448 0.000426497
 0.00428313   0.0574811  0.00715289    0.157091   0.0082022   0.0523965    0.398317    0.188688    0.105483   0.0203762 0.000528804
 0.00457079   0.0609563  0.00567424    0.153459  0.00946095   0.0630245    0.369199    0.196531    0.114858   0.0216196 0.000646933
 0.00487438   0.0643172  0.00431026    0.149971   0.0115263   0.0739348    0.339548    0.203456    0.124413   0.0228675 0.000781787
0.00519443  0.0675293 0.00309753   0.146593   0.014408  0.0848937   0.309726   0.209417   0.134095  0.0241122  0.0009342
0.00553145  0.0705585 0.00207163    0.14329  0.0181016  0.0956681   0.280091   0.214384   0.143853  0.0253455 0.00110493
   0.001313  0.00960966   0.0215479    0.270474   0.0472778   0.0254039    0.586239   0.0232269  0.00919554  0.00561057 0.000101894
0.00142201  0.0113788  0.0218572   0.259565  0.0437661  0.0195218   0.594416  0.0300943  0.0117218 0.00617111 8.6003e-05
 0.00153823    0.013346   0.0219863    0.249166   0.0401001   0.0140675    0.600252   0.0379696   0.0147161  0.00678605 7.16515e-05
 0.00166202   0.0155121   0.0219274    0.239302   0.0363252  0.00925698    0.603554   0.0467471   0.0181967  0.00745662 5.95106e-05
 0.00179377   0.0178757   0.0216756     0.22999    0.032494   0.0052916    0.604159   0.0563084   0.0221773  0.00818358 5.03135e-05
  0.0019339   0.0204325     0.02123    0.221237   0.0286659  0.00235179    0.601944   0.0665251   0.0266674  0.00896712 4.48533e-05
 0.00208287    0.023175   0.0205933     0.21304   0.0249058 0.000591141    0.596829   0.0772603   0.0316712  0.00980691 4.39783e-05
 0.00224117   0.0260929   0.0197723     0.20539   0.0212839 0.000131439    0.588778   0.0883719   0.0371882    0.010702  4.8588e-05
 0.00240931    0.029173   0.0187779    0.198267   0.0178738  0.00105866    0.577803   0.0997144   0.0432122   0.0116508 5.96264e-05
 0.00258787   0.0323986   0.0176249    0.191649   0.0147517  0.00342013    0.563965    0.111142   0.0497318   0.0126511 7.80757e-05
 0.00277744   0.0357505    0.016332    0.185506   0.0119944  0.00722291    0.547371     0.12251   0.0567301      0.0137 0.000104948
 0.00297864   0.0392062   0.0149217    0.179803  0.00967772   0.0124334    0.528179     0.13368   0.0641847   0.0147941 0.000141276
 0.00319214   0.0427409     0.01342    0.174504  0.00787495   0.0189784    0.506586    0.144519   0.0720683    0.015929 0.000188106
 0.00341861    0.046327   0.0118559    0.169567  0.00665481   0.0267469    0.482833    0.154902   0.0803484      0.0171 0.000246482
 0.00365874   0.0499349   0.0102611    0.164953  0.00607968   0.0355937    0.457196    0.164716   0.0889883   0.0183015 0.000317443
 0.00391323   0.0535334   0.0086694     0.16062  0.00620379   0.0453437    0.429982    0.173859   0.0979468   0.0195277 0.000402004
  0.0041828   0.0570894  0.00711629    0.156526  0.00707159   0.0557971    0.401522    0.182243    0.107179   0.0207717 0.000501148
 0.00446811   0.0605693  0.00563828    0.152632   0.0087162    0.066735    0.372166    0.189794    0.116638   0.0220267 0.000615814
 0.00476983   0.0639386  0.00427222    0.148901   0.0111581   0.0779263    0.342274    0.196454    0.126274   0.0232849 0.000746888
 0.00508858    0.067163  0.00305473    0.145298   0.0144039   0.0891344     0.31221     0.20218    0.136034   0.0245385 0.000895186
0.00542491  0.0702086 0.00202146   0.141791  0.0184459   0.100124   0.282336   0.206942   0.145866  0.0257793 0.00106145
 0.00127351  0.00945239   0.0212609    0.274787   0.0415087   0.0240932    0.589748   0.0223711  0.00963512  0.00576933 0.000100707
 0.00137917   0.0112009   0.0215855    0.263606   0.0381553   0.0183221    0.598133   0.0289724   0.0122184  0.00634325 8.42321e-05
 0.00149189   0.0131468   0.0217316    0.252918   0.0346777   0.0130185    0.604143   0.0365567   0.0152743  0.00697216 6.92174e-05
 0.00161203   0.0152916   0.0216907    0.242752   0.0311198  0.00839735    0.607582   0.0450203   0.0188206  0.00765724 5.63252e-05
 0.00173999   0.0176337    0.021458    0.233124   0.0275327  0.00465844    0.608288   0.0542477   0.0228711  0.00839918 4.62787e-05
 0.00187623   0.0201692   0.0210319    0.224046   0.0239739  0.00197958    0.606137   0.0641129   0.0274348  0.00919811 3.98597e-05
  0.0020212    0.022891    0.020415    0.215517   0.0205064 0.000511043    0.601049   0.0744824   0.0325156   0.0100536 3.79044e-05
 0.00217544    0.025789   0.0196136    0.207529   0.0171983  0.00037058    0.592988   0.0852172   0.0381126   0.0109646 4.12991e-05
 0.00233949   0.0288502   0.0186383    0.200068   0.0141208  0.00163955    0.581969   0.0961754   0.0442191   0.0119295 5.09736e-05
 0.00251396   0.0320584   0.0175036    0.193111   0.0113475  0.00436016    0.568054    0.107215   0.0508234   0.0129459 6.78951e-05
 0.00269947   0.0353945   0.0162279    0.186631  0.00895254    0.008534    0.551354    0.118195   0.0579078   0.0140108 9.30598e-05
  0.0028967   0.0388364   0.0148335    0.180597  0.00700914   0.0141218    0.532027    0.128981   0.0654497   0.0151205 0.000127484
 0.00310635   0.0423596   0.0133458    0.174974  0.00558757   0.0210444    0.510276    0.139443   0.0734211   0.0162708 0.000172197
 0.00332915   0.0459368   0.0117938    0.169724  0.00475354   0.0291852    0.486344     0.14946    0.081789   0.0174566 0.000228225
 0.00356584   0.0495388   0.0102089    0.164808  0.00456632   0.0383934    0.460511    0.158923    0.090516   0.0186724 0.000296588
 0.00381719   0.0531345  0.00862472    0.160186  0.00507699   0.0484887    0.433088    0.167733   0.0995604    0.019912 0.000378283
 0.00408396   0.0566911   0.0070767    0.155819   0.0063268   0.0592663     0.40441    0.175806    0.108877   0.0211685 0.000474276
  0.0043669   0.0601752  0.00560121     0.15167  0.00834568   0.0705032     0.37483     0.18307    0.118418   0.0224348 0.000585487
 0.00466673   0.0635525  0.00423508    0.147701   0.0111509   0.0819648    0.344711     0.18947    0.128133   0.0237031 0.000712784
 0.00498413   0.0667889  0.00301493    0.143878   0.0147461   0.0934114    0.314421    0.194964    0.137969   0.0249655 0.000856967
0.00531974  0.0698506 0.00197645   0.140172  0.0191204   0.104605   0.284325   0.199526   0.147874  0.0262134 0.00101876
0.00123493 0.00929526  0.0209616   0.278936  0.0360839  0.0229076   0.592952  0.0215135  0.0100855 0.00592979 9.9896e-05
 0.00133731   0.0110228   0.0213011     0.26748   0.0329038   0.0172517     0.60153   0.0278471    0.012726  0.00651716 8.28668e-05
 0.00144659   0.0129474   0.0214636    0.256501   0.0296283    0.012102    0.607702    0.035139   0.0158435   0.0071601 6.72203e-05
 0.00156313   0.0150704   0.0214406    0.246029      0.0263  0.00767246    0.611268   0.0432879   0.0194557  0.00785974 5.36089e-05
 0.00168738   0.0173908   0.0212266    0.236085   0.0229681  0.00416096    0.612065   0.0521806   0.0235759   0.0086167 4.27455e-05
 0.00181977   0.0199047   0.0208201    0.226681   0.0196882  0.00174275     0.60997   0.0616941    0.028213  0.00943104 3.54002e-05
 0.00196081   0.0226054   0.0202231     0.21782   0.0165214 0.000564741    0.604902    0.071698   0.0333705   0.0103023 3.23969e-05
 0.00211104   0.0254831   0.0194417    0.209496   0.0135333 0.000740648    0.596827   0.0820566    0.039047   0.0112292 3.46084e-05
 0.00227104   0.0285249    0.018486    0.201696   0.0107928  0.00234723    0.585762   0.0926317   0.0452356   0.0122101 4.29503e-05
 0.00244145   0.0317152   0.0173703    0.194402   0.0083709  0.00542163     0.57177    0.103285   0.0519238   0.0132425 5.83743e-05
 0.00262294    0.035035   0.0161126    0.187588  0.00633916  0.00996002    0.554964    0.113879   0.0590937   0.0143233 8.18605e-05
 0.00281623   0.0384627   0.0147349    0.181226  0.00476784   0.0159175    0.535507    0.124283    0.066722   0.0154488 0.000114409
 0.00302205   0.0419739   0.0132624    0.175283  0.00372435   0.0232093    0.513603     0.13437   0.0747801   0.0166143 0.000157029
 0.00324119   0.0455417   0.0117238    0.169723  0.00327136   0.0317131      0.4895    0.144025   0.0832346   0.0178149 0.000210732
 0.00347446   0.0491373   0.0101502     0.16451  0.00346509   0.0412728    0.463481    0.153141   0.0920475   0.0190447 0.000276517
 0.00372267   0.0527296  0.00857527    0.159605  0.00435349   0.0517028     0.43586    0.161622    0.101177   0.0202975 0.000355364
 0.00398663   0.0562863  0.00703408    0.154971   0.0059747   0.0627939    0.406976    0.169387    0.110576   0.0215663 0.000448219
 0.00426717   0.0597742  0.00556298     0.15057  0.00835552    0.074319    0.377185    0.176368    0.120197   0.0228438 0.000555986
 0.00456507   0.0631591  0.00419875    0.146369   0.0115102   0.0860399    0.346855    0.182512     0.12999    0.024122 0.000679512
 0.00488108   0.0664071  0.00297797    0.142334   0.0154393   0.0977142    0.316355    0.187779      0.1399   0.0253928 0.000819583
 0.00521591   0.0694846  0.00193641    0.138434   0.0201293    0.109102    0.286053    0.192144    0.149876   0.0266477 0.000976905
 0.00119727  0.00913832   0.0206504    0.282914   0.0310173   0.0218428    0.595845   0.0206573   0.0105465   0.0060919 9.94655e-05
 0.00129643   0.0108448   0.0210043     0.27118   0.0280252    0.016306    0.604602   0.0267219   0.0132444  0.00669278 8.19139e-05
 0.00140232   0.0127477   0.0211829    0.259907   0.0249655    0.011313    0.610922   0.0337206   0.0164236  0.00734981 6.56679e-05
 0.00151534   0.0148487   0.0211773    0.249129   0.0218791  0.00707674    0.614603   0.0415542   0.0201016  0.00806406 5.13704e-05
 0.00163592    0.017147   0.0209821    0.238868   0.0188132  0.00379315    0.615482    0.050112   0.0242915  0.00883607 3.97233e-05
 0.00176452    0.019639    0.020595    0.229138   0.0158216  0.00163483    0.613434   0.0592741   0.0290017  0.00966585 3.14854e-05
 0.00190168   0.0223182    0.020018    0.219944    0.012963 0.000745299    0.608381    0.068913   0.0342356   0.0105528 2.74677e-05
 0.00204795   0.0251751   0.0192569    0.211284   0.0103007  0.00123426    0.600289   0.0788966   0.0399913   0.0114957 2.85294e-05
 0.00220395   0.0281972   0.0183213    0.203148  0.00790117  0.00317388    0.589175     0.08909   0.0462613   0.0124926 3.55713e-05
 0.00237035   0.0313691   0.0172252    0.195519  0.00583284   0.0065963    0.575105   0.0993583   0.0530328    0.013541 4.95295e-05
 0.00254786   0.0346722   0.0159863    0.188375  0.00416441   0.0114924    0.558197    0.109569   0.0602873   0.0146376 7.13677e-05
 0.00273722   0.0380851   0.0146262    0.181689  0.00296335   0.0178116    0.538613    0.119593   0.0680011   0.0157786 0.000102068
 0.00293924   0.0415838   0.0131701     0.17543  0.00229413   0.0254638    0.516562     0.12931   0.0761449   0.0169593 0.000142624
 0.00315474   0.0451418   0.0116461    0.169565  0.00221644    0.034321    0.492296    0.138606   0.0846848   0.0181745 0.000194026
 0.00338459   0.0487304   0.0100854    0.164059  0.00278344   0.0442219    0.466099    0.147378   0.0935822   0.0194183 0.000257256
 0.00362964   0.0523189  0.00852111    0.158876  0.00404005   0.0549761    0.438292    0.155534    0.102794   0.0206841 0.000333275
 0.00389079   0.0558753  0.00698844     0.15398  0.00602133   0.0663697    0.409214    0.162997    0.112275    0.021965 0.000423009
 0.00416891   0.0593665  0.00552353    0.149335  0.00875108   0.0781718    0.379227    0.169699    0.121976   0.0232534 0.000527344
 0.00446485   0.0627586   0.0041631    0.144908   0.0122406    0.090141    0.348701    0.175591    0.131844   0.0245413 0.000647109
 0.00477943   0.0660179  0.00294371    0.140666   0.0164876    0.102032    0.318008    0.180635    0.141827   0.0258204 0.000783072
 0.00511343   0.0691107  0.00190113     0.13658   0.0214758    0.113604    0.287517    0.184809    0.151871   0.0270819 0.000935924
 0.00116052  0.00898165   0.0203279    0.286716   0.0263217   0.0208944    0.598419   0.0198055    0.011018   0.0062556 9.94216e-05
 0.00125652   0.0106668   0.0206956    0.274701   0.0235325   0.0154802    0.607342   0.0256004   0.0137734  0.00687007 8.13799e-05
 0.00135909   0.0125478   0.0208898    0.263133   0.0207021   0.0106463    0.613797   0.0323054   0.0170144  0.00754124 6.45676e-05
 0.00146864   0.0146266   0.0209014    0.252046   0.0178695  0.00660454    0.617582   0.0398235   0.0207581  0.00827013 4.96177e-05
 0.00158561   0.0169025   0.0207246    0.241467   0.0150803  0.00354888    0.618532   0.0480468   0.0250176  0.00905722 3.72215e-05
 0.00171048   0.0193723    0.020357    0.231411   0.0123858  0.00164922    0.616525   0.0568581   0.0298007  0.00990244 2.81257e-05
  0.0018438   0.0220296   0.0198002    0.221886  0.00984257  0.00104568     0.61148   0.0661331   0.0351107   0.0108051 2.31284e-05
 0.00198617   0.0248653   0.0190595    0.212892  0.00751148  0.00184393    0.603366   0.0757431    0.040945   0.0117639 2.30747e-05
 0.00213822   0.0278673   0.0181444    0.204422  0.00545645   0.0041116    0.592202   0.0855568   0.0472959   0.0127768 2.88507e-05
 0.00230065   0.0310203   0.0170685    0.196461  0.00374316  0.00787587    0.578055   0.0954429     0.05415   0.0138411 4.13765e-05
  0.0024742   0.0343062   0.0158492    0.188989  0.00243757   0.0131223    0.561046    0.105273   0.0614883   0.0149535 6.15989e-05
 0.00265968   0.0377039   0.0145077    0.181982  0.00160431   0.0197951    0.541339    0.114921   0.0692865     0.01611 9.04829e-05
 0.00285792   0.0411896   0.0130689    0.175412   0.0013049   0.0277985    0.519148     0.12427   0.0775149   0.0173057 0.000129003
 0.00306979   0.0447373   0.0115609    0.169247  0.00159607   0.0369992    0.494726    0.133211   0.0861391   0.0185354 0.000178131
 0.00329622   0.0483184   0.0100143    0.163454  0.00252799   0.0472309    0.468363    0.141644   0.0951197   0.0197929 0.000238831
 0.00353812   0.0519026  0.00846226    0.157999  0.00414256   0.0582984     0.44038     0.14948    0.104414   0.0210717 0.000312043
 0.00379644   0.0554582  0.00693975    0.152847  0.00647189   0.0699834    0.411122    0.156643    0.113974   0.0223645 0.000398675
 0.00407211   0.0589522   0.0054828    0.147965  0.00953684   0.0820515    0.380953    0.163072    0.123752   0.0236636 0.000499593
0.00436607  0.0623511 0.00412803   0.143318  0.0133459  0.0942579   0.350246   0.168716   0.133694  0.0249609 0.00061561
 0.00467918   0.0656213  0.00291197    0.138876   0.0178941    0.106355    0.319376    0.173542    0.143748   0.0262479 0.000747474
0.00501229  0.0687292 0.00187037   0.134611  0.0231626   0.118101   0.288715   0.177528   0.153859  0.0275158 0.00089586
 0.00112467  0.00882528   0.0199946    0.290335   0.0220098    0.020058    0.600671   0.0189611      0.0115  0.00642086 9.97698e-05
0.00121758  0.0104889  0.0203754   0.278037   0.019438  0.0147693   0.609744   0.024486   0.014313 0.00704895 8.1271e-05
 0.00131689   0.0123478   0.0205848    0.266172   0.0168501   0.0100965    0.616321   0.0308973   0.0176157   0.0077343 6.39265e-05
 0.00142302   0.0144041   0.0206133    0.254776   0.0142832  0.00625004    0.620198   0.0381003   0.0214252  0.00847787 4.83591e-05
 0.00153644   0.0166574   0.0204548    0.243878   0.0117808   0.0034219    0.621211   0.0459898    0.025754  0.00928007 3.52491e-05
 0.00165764   0.0191045   0.0201066    0.233497  0.00939197  0.00177924    0.619236   0.0544514   0.0306099   0.0101407 2.53312e-05
 0.00178719   0.0217396     0.01957    0.223642  0.00717089  0.00145875    0.614194   0.0633641   0.0359954   0.0110591 1.93902e-05
  0.0019257   0.0245538     0.01885    0.214316  0.00517587  0.00256211    0.606054   0.0726025   0.0419079   0.0120337 1.82571e-05
 0.00207384   0.0275352   0.0179558    0.205514  0.00346822  0.00515242    0.594838   0.0820388   0.0483391   0.0130626 2.28026e-05
 0.00223233    0.030669   0.0169006    0.197224  0.00211091  0.00925198    0.580614   0.0915455    0.055275   0.0141428 3.39307e-05
 0.00240197   0.0339372   0.0157015    0.189428  0.00116709   0.0148412    0.563506    0.100997   0.0626962   0.0152709 5.25711e-05
 0.00258359   0.0373192   0.0143795    0.182105 0.000698498   0.0218589    0.543681    0.110273   0.0705779   0.0164427  7.9671e-05
 0.00277807   0.0407915   0.0129592    0.175229 0.000763771    0.030204    0.521356    0.119259   0.0788899   0.0176534 0.000116186
0.00298633  0.0443283  0.0114682   0.168769 0.00141668  0.0397382   0.496786   0.127849  0.0875969  0.0188974 0.00016307
 0.00320934   0.0479014  0.00993705    0.162696  0.00270445     0.05029    0.470266    0.135946   0.0966595   0.0201685 0.000221266
 0.00344809   0.0514809  0.00839876    0.156975  0.00466605   0.0616596     0.44212    0.143466    0.106034   0.0214599 0.000291695
 0.00370357   0.0550352    0.006888    0.151574   0.0073307   0.0736249    0.412696    0.150336    0.115672   0.0227644 0.000375247
 0.00397678   0.0585316   0.0054407     0.14646   0.0107165   0.0859476     0.38236    0.156495    0.125525    0.024074 0.000472768
 0.00426872   0.0619369  0.00409339    0.141601   0.0148291   0.0983802    0.351488    0.161897     0.13554   0.0253804 0.000585051
 0.00458032   0.0652175  0.00288254    0.136967   0.0196611    0.110673    0.320458     0.16651    0.145663   0.0266751 0.000712827
  0.0049125   0.0683403  0.00184388    0.132528   0.0251912    0.122582    0.289644    0.170313    0.155839   0.0279491 0.000856755
 0.00108973  0.00866927   0.0196509    0.293767   0.0180933   0.0193289    0.602593   0.0181274   0.0119921  0.00658761 0.000100516
 0.00117959   0.0103113   0.0200444    0.281183   0.0157534   0.0141684    0.611804   0.0233823   0.0148629  0.00722938 8.15935e-05
  0.0012757   0.0121478   0.0202685    0.269019    0.013421   0.0096582    0.618489   0.0295002   0.0182275  0.00792895 6.37514e-05
 0.00137849   0.0141814   0.0203135    0.257314   0.0111313  0.00600738    0.622448   0.0363889   0.0221026  0.00868722 4.76023e-05
 0.00148841   0.0164117    0.020173    0.246097  0.00892557   0.0034059    0.623513   0.0439457   0.0265006  0.00950454 3.38149e-05
 0.00160599   0.0188359   0.0198442    0.235391  0.00685048  0.00201812    0.621562   0.0520592   0.0314288   0.0103807 2.31117e-05
 0.00173181   0.0214485   0.0193278    0.225208  0.00495778  0.00197733    0.616517   0.0606116   0.0368896   0.0113147 1.62642e-05
 0.00186652   0.0242408   0.0186287    0.215552  0.00330316  0.00338118    0.608348   0.0694807   0.0428798   0.0123052 1.40888e-05
 0.00201079   0.0272012   0.0177558    0.206421  0.00194525  0.00628833    0.597077   0.0785425   0.0493905   0.0133499 1.74406e-05
  0.0021654   0.0303152   0.0167218    0.197806 0.000944245   0.0107162    0.582778   0.0876729   0.0564075   0.0144459 2.72073e-05
 0.00233116   0.0335653   0.0155437    0.189691  0.00036047   0.0166402    0.565573   0.0967504   0.0639108   0.0155896 4.43012e-05
 0.00250895   0.0369311    0.014242    0.182057 0.000252792   0.0239939    0.545635    0.105658   0.0718749   0.0167767 6.96513e-05
 0.00269969   0.0403895    0.012841     0.17488 0.000676936    0.032671    0.523182    0.114284   0.0802692   0.0180021 0.000104194
 0.00290436    0.043915   0.0113682    0.168132  0.00168378   0.0425283    0.498474    0.122528    0.089058   0.0192603 0.000148865
 0.00312396   0.0474797  0.00985385    0.161783  0.00331763   0.0533893    0.471807    0.130295    0.098201   0.0205448 0.000204586
0.00335955   0.051054 0.00833067   0.155803 0.00561464  0.0650499   0.443509   0.137503   0.107654  0.0218488 0.00027226
 0.00361218   0.0546065  0.00683318     0.15016  0.00860122   0.0772841    0.413932    0.144084    0.117369   0.0231646 0.000352755
 0.00388291    0.058105  0.00539717    0.144822   0.0122927   0.0898501    0.383444    0.149979    0.127296   0.0244845 0.000446899
 0.00417279   0.0615162  0.00405906    0.139758   0.0166924    0.102498    0.352423    0.155144    0.137382   0.0257998 0.000555466
0.00448285  0.0648069 0.00285523   0.134939  0.0217903   0.114975    0.32125   0.159548   0.147571  0.0271019 0.00067917
 0.00481405   0.0679441  0.00182139    0.130336   0.0275628    0.127037    0.290301    0.163173    0.157811   0.0283817 0.000818651
 0.00105568   0.0085137   0.0192975    0.297005   0.0145836   0.0187026    0.604183   0.0173074   0.0124944   0.0067558 0.000101664
 0.00114256   0.0101338   0.0197031    0.284134   0.0124896   0.0136724    0.613515   0.0222927    0.015423   0.0074113 8.23531e-05
 0.00123553   0.0119479   0.0199414     0.27167   0.0104255  0.00932583    0.620297   0.0281181   0.0188494  0.00812512 6.40492e-05
 0.00133502   0.0139584   0.0200025    0.259655  0.00842413  0.00587058    0.624325   0.0346937   0.0227901  0.00889811 4.73548e-05
  0.0014415   0.0161655   0.0198799    0.248121  0.00652447  0.00349447    0.625434   0.0419193    0.027257  0.00973054 3.29274e-05
 0.00155553   0.0185666   0.0195702    0.237091  0.00477079  0.00235905    0.623499   0.0496867   0.0322574   0.0106221 2.14768e-05
0.00167768  0.0211562  0.0190741   0.226581 0.00321223 0.00259416   0.618445  0.0578811   0.037793  0.0115718 1.3761e-05
 0.00180862   0.0239262   0.0183961    0.216598  0.00190182  0.00429349    0.610243   0.0663839   0.0438602   0.0125781 1.05815e-05
 0.00194908   0.0268653   0.0175447    0.207142 0.000895421  0.00751127    0.598917   0.0750743   0.0504499   0.0136386  1.2778e-05
 0.00209985   0.0299592   0.0165325    0.198205 0.000250437   0.0122602    0.584542    0.083832   0.0575472   0.0147503  2.1221e-05
 0.00226177   0.0331908   0.0153759    0.189776 2.43471e-05   0.0185106    0.567243   0.0925391   0.0651316   0.0159095 3.68054e-05
