0.000815368  0.00196594  0.00513785   0.0456251   0.0539647   0.0803488    0.208168    0.556358   0.0319852    0.014494  0.00113692
0.000825697  0.00204186  0.00471371    0.043624   0.0554194   0.0741101    0.201774    0.569463   0.0320641   0.0147898   0.0011747
0.000835587  0.00212023  0.00430746   0.0416429   0.0567949   0.0681262    0.195296    0.582446   0.0321311   0.0150868   0.0012132
0.000845023  0.00220112    0.003921   0.0396852   0.0580851   0.0624035    0.188748    0.595288   0.0321859   0.0153847  0.00125241
0.000853993  0.00228463  0.00355622   0.0377544   0.0592843   0.0569477    0.182145     0.60797   0.0322279   0.0156834  0.00129232
0.000862482  0.00237081  0.00321504   0.0358536   0.0603872   0.0517643    0.175501    0.620473   0.0322568   0.0159827   0.0013329
0.000870482  0.00245976  0.00289937   0.0339858    0.061389   0.0468578    0.168829     0.63278    0.032272   0.0162824  0.00137414
0.000877983  0.00255157  0.00261113   0.0321538   0.0622855   0.0422325    0.162143    0.644873   0.0322733   0.0165822  0.00141601
0.00088498 0.00264631 0.00235221  0.0303602   0.063073   0.037892   0.155458   0.656733  0.0322602  0.0168819 0.00145849
0.000891469  0.00274409  0.00212451   0.0286074   0.0637483   0.0338393    0.148786    0.668344   0.0322324   0.0171813  0.00150156
0.000897447  0.00284499  0.00192991   0.0268978   0.0643089   0.0300767    0.142141    0.679689   0.0321896   0.0174802  0.00154517
0.000902916  0.00294912  0.00177026   0.0252333   0.0647526   0.0266061    0.135536    0.690751   0.0321314   0.0177782  0.00158931
0.00090788 0.00305658  0.0016474  0.0236159   0.065078  0.0234287   0.128984   0.701515  0.0320575  0.0180753 0.00163394
0.000912345  0.00316748  0.00156312   0.0220472   0.0652842   0.0205452    0.122498    0.711965   0.0319678   0.0183709  0.00167902
0.000916322  0.00328192  0.00151922   0.0205288   0.0653709   0.0179555    0.116089    0.722087    0.031862    0.018665  0.00172451
0.000919822  0.00340003  0.00151741   0.0190619   0.0653382   0.0156592     0.10977    0.731865   0.0317398   0.0189573  0.00177038
0.000922864  0.00352192   0.0015594   0.0176478    0.065187   0.0136549    0.103553    0.741288   0.0316013   0.0192474  0.00181659
0.000925466  0.00364771  0.00164684   0.0162874   0.0649186   0.0119409   0.0974478    0.750341   0.0314462    0.019535  0.00186308
0.000927652  0.00377754  0.00178133   0.0149814   0.0645348    0.010515   0.0914656    0.759012   0.0312745   0.0198199  0.00190981
0.000929451  0.00391152  0.00196442   0.0137306   0.0640381  0.00937411   0.0856167     0.76729   0.0310862   0.0201017  0.00195672
0.000930893  0.00404981  0.00219759   0.0125354   0.0634313  0.00851489   0.0799107    0.775164   0.0308811   0.0203802  0.00200378
0.000932014  0.00419254  0.00248229   0.0113962   0.0627179  0.00793327   0.0743569    0.782623   0.0306594   0.0206549  0.00205092
0.000932854  0.00433986  0.00281988   0.0103133   0.0619017  0.00762471    0.068964    0.789659   0.0304212   0.0209257  0.00209808
0.000933458  0.00449192  0.00321167  0.00928665    0.060987  0.00758413   0.0637401    0.796261   0.0301665   0.0211921  0.00214521
0.000933875  0.00464888  0.00365888   0.0083163   0.0599786  0.00780597    0.058693    0.802423   0.0298955   0.0214538  0.00219225
0.000934158  0.00481089  0.00416267  0.00740214   0.0588815  0.00828416   0.0538296    0.808137   0.0296084   0.0217105  0.00223912
0.000934366  0.00497813  0.00472412  0.00654393   0.0577014  0.00901219   0.0491564    0.813397   0.0293053   0.0219618  0.00228576
0.000934562  0.00515076  0.00534423  0.00574139   0.0564441  0.00998309   0.0446794    0.818196   0.0289866   0.0222073  0.00233211
0.000934815  0.00532897  0.00602393  0.00499415   0.0551157   0.0111895    0.040404    0.822532   0.0286526   0.0224467   0.0023781
0.000935199  0.00551293  0.00676404  0.00430178   0.0537226   0.0126236   0.0363348    0.826398   0.0283036   0.0226797  0.00242364
0.000935792  0.00570284  0.00756531  0.00366381   0.0522717   0.0142772   0.0324761    0.829793     0.02794   0.0229058  0.00246867
0.000936678  0.00589888   0.0084284  0.00307973   0.0507697   0.0161418   0.0288313    0.832714   0.0275621   0.0231247  0.00251311
0.000937947  0.00610127  0.00935389    0.002549   0.0492239   0.0182086   0.0254034    0.835159   0.0271704   0.0233361  0.00255688
0.000939694  0.00631019   0.0103422  0.00207108   0.0476414   0.0204685   0.0221949    0.837127   0.0267654   0.0235395  0.00259991
0.000942019  0.00652588   0.0113938  0.00164542   0.0460296    0.022912   0.0192075    0.838619   0.0263476   0.0237346   0.0026421
0.000945027  0.00674853   0.0125089  0.00127146    0.044396   0.0255295   0.0164424    0.839636   0.0259175    0.023921  0.00268338
0.000948831  0.00697838   0.0136878 0.000948683    0.042748   0.0283111   0.0139002    0.840179   0.0254758   0.0240983  0.00272367
0.000953546  0.00721566   0.0149304 0.000676592   0.0410931   0.0312467    0.011581    0.840251   0.0250228   0.0242661  0.00276288
0.000959296  0.00746059   0.0162369 0.000454722   0.0394389   0.0343261  0.00948422    0.839855   0.0245594   0.0244242  0.00280092
0.000966208  0.00771343    0.017607 0.000282656   0.0377926   0.0375389   0.0076089    0.838994   0.0240861    0.024572  0.00283771
0.000974415  0.00797442   0.0190407  0.00016003   0.0361617   0.0408747  0.00595344    0.837675   0.0236036   0.0247093  0.00287316
0.000984057  0.00824381   0.0205375 8.65396e-05   0.0345534   0.0443229  0.00451572    0.835901   0.0231125   0.0248357  0.00290718
0.000995277  0.00852186   0.0220972 6.19487e-05   0.0329746   0.0478729  0.00329316    0.833679   0.0226136   0.0249508   0.0029397
 0.00100822  0.00880885   0.0237191 8.60934e-05   0.0314323   0.0515141  0.00228267    0.831016   0.0221075   0.0250543  0.00297061
 0.00102305  0.00910503   0.0254027 0.000158888   0.0299331   0.0552358  0.00148068     0.82792    0.021595   0.0251458  0.00299985
 0.00103993   0.0094107   0.0271473 0.000280329   0.0284834   0.0590275   0.0008832    0.824398   0.0210768    0.025225  0.00302731
   0.001059  0.00972613   0.0289521 0.000450499   0.0270894   0.0628786 0.000485796     0.82046   0.0205536   0.0252916  0.00305292
 0.00108046   0.0100516   0.0308162 0.000669567   0.0257569   0.0667787 0.000283626    0.816115   0.0200262   0.0253452   0.0030766
 0.00110446   0.0103875   0.0327387 0.000937793   0.0244914   0.0707174 0.000271462    0.811372   0.0194953   0.0253856  0.00309826
 0.00113119    0.010734   0.0347184  0.00125553   0.0232982   0.0746846 0.000443713    0.806242   0.0189618   0.0254125  0.00311783
 0.00116083   0.0110914   0.0367543  0.00162321   0.0221821     0.07867 0.000794447    0.800737   0.0184262   0.0254255  0.00313522
0.000807669  0.00200692  0.00506418   0.0407704   0.0557934   0.0832031    0.210877    0.555395   0.0305255   0.0144293  0.00112798
0.000817834  0.00208485  0.00463724   0.0387897   0.0573412   0.0768196    0.204448    0.568573    0.030598   0.0147245   0.0011655
0.000827566  0.00216529  0.00422836   0.0368356   0.0588046   0.0706904    0.197935     0.58163   0.0306594   0.0150208  0.00120374
0.000836847  0.00224831  0.00383944   0.0349117   0.0601772   0.0648221     0.19135    0.594545   0.0307093   0.0153181  0.00124269
0.000845666  0.00233398  0.00347239   0.0330214   0.0614531   0.0592206    0.184708    0.607299   0.0307473   0.0156162  0.00128233
0.000854011   0.0024224  0.00312912   0.0311676   0.0626269   0.0538917    0.178023    0.619875   0.0307729   0.0159149  0.00132264
0.000861871  0.00251363  0.00281156   0.0293535   0.0636934   0.0488403    0.171309    0.632254   0.0307856   0.0162141   0.0013636
0.000869239  0.00260777  0.00252162   0.0275818   0.0646485   0.0440708     0.16458    0.644417   0.0307853   0.0165133  0.00140519
0.00087611  0.0027049 0.00226119  0.0258549  0.0654881  0.0395872   0.157849   0.656347  0.0307713  0.0168126 0.00144739
0.000882479  0.00280512  0.00203219   0.0241753    0.066209   0.0353926    0.151131    0.668027   0.0307435   0.0171116  0.00149016
0.000888346  0.00290852  0.00183648    0.022545   0.0668085   0.0314897    0.144439    0.679439   0.0307015     0.01741  0.00153349
0.000893712   0.0030152  0.00167591   0.0209662   0.0672845   0.0278806    0.137786    0.690568   0.0306449   0.0177077  0.00157733
0.000898583  0.00312526  0.00155234   0.0194404   0.0676354   0.0245668    0.131185    0.701397   0.0305736   0.0180043  0.00162166
0.000902964  0.00323882  0.00146755   0.0179692   0.0678602   0.0215491    0.124648    0.711911   0.0304872   0.0182997  0.00166644
0.000906867  0.00335598  0.00142331   0.0165541   0.0679587   0.0188278    0.118188    0.722095   0.0303856   0.0185935  0.00171163
0.000910305  0.00347685  0.00142136    0.015196   0.0679309   0.0164025    0.111817    0.731934   0.0302686   0.0188855  0.00175719
0.000913295  0.00360156  0.00146338    0.013896   0.0677777   0.0142722    0.105546    0.741415    0.030136   0.0191754  0.00180308
0.000915858  0.00373023  0.00155103   0.0126548   0.0675005   0.0124355   0.0993871    0.750525   0.0299878   0.0194628  0.00184926
0.000918019  0.00386298  0.00168588   0.0114731   0.0671012   0.0108901   0.0933502    0.759251   0.0298238   0.0197476  0.00189567
0.000919804  0.00399996  0.00186949   0.0103513   0.0665822  0.00963336   0.0874459    0.767583    0.029644   0.0200293  0.00194227
0.000921248  0.00414128  0.00210332  0.00928953   0.0659466  0.00866194    0.081684    0.775507   0.0294484   0.0203076  0.00198901
0.000922385  0.00428711  0.00238881  0.00828805   0.0651978  0.00797202   0.0760736    0.783015   0.0292369   0.0205823  0.00203582
0.000923258  0.00443758  0.00272731  0.00734678   0.0643399  0.00755919   0.0706236    0.790097   0.0290098   0.0208531  0.00208266
0.00092391 0.00459284 0.00312009 0.00646555  0.0633773 0.00741851  0.0653423   0.796744  0.0287671  0.0211195 0.00212946
0.000924392  0.00475306  0.00356838   0.0056441   0.0623149  0.00754457   0.0602372    0.802947   0.0285089   0.0213812  0.00217617
0.000924758  0.00491839  0.00407331  0.00488201   0.0611581  0.00793141   0.0553156    0.808701   0.0282354   0.0216379  0.00222271
0.000925066  0.00508899  0.00463595  0.00417881   0.0599125  0.00857263   0.0505839    0.813997   0.0279467   0.0218892  0.00226902
0.000925383  0.00526505  0.00525727  0.00353392   0.0585842  0.00946136   0.0460483    0.818831   0.0276433   0.0221349  0.00231504
0.000925775  0.00544674  0.00593818  0.00294668   0.0571797   0.0105903    0.041714    0.823198   0.0273253   0.0223744  0.00236069
0.000926319  0.00563423  0.00667947  0.00241639   0.0557056   0.0119517   0.0375858    0.827094   0.0269931   0.0226075   0.0024059
0.000927092  0.00582773  0.00748188  0.00194228   0.0541688   0.0135376    0.033668    0.830515   0.0266469   0.0228338   0.0024506
0.000928181  0.00602742  0.00834603  0.00152357   0.0525766   0.0153394   0.0299643     0.83346   0.0262873   0.0230529  0.00249471
0.000929674   0.0062335  0.00927247  0.00115942   0.0509363   0.0173483   0.0264775    0.835926   0.0259147   0.0232644  0.00253815
0.000931668  0.00644619   0.0102616 0.000849001   0.0492554   0.0195553   0.0232101    0.837912   0.0255294    0.023468  0.00258084
0.000934264  0.00666568   0.0113139 0.000591483   0.0475417   0.0219509    0.020164     0.83942    0.025132   0.0236633   0.0026227
0.000937567   0.0068922   0.0124295 0.000386041   0.0458028   0.0245255   0.0173405     0.84045   0.0247229   0.0238498  0.00266366
 0.00094169  0.00712598   0.0136086 0.000231871   0.0440465   0.0272692   0.0147401    0.841002   0.0243028   0.0240273  0.00270362
 0.00094675  0.00736723   0.0148512 0.000128204   0.0422807   0.0301719    0.012363    0.841081   0.0238721   0.0241954   0.0027425
 0.00095287   0.0076162   0.0161574 7.43116e-05    0.040513   0.0332234   0.0102088    0.840689   0.0234315   0.0243537  0.00278022
0.000960178  0.00787313   0.0175269 6.95177e-05   0.0387514   0.0364133  0.00827652    0.839829   0.0229816   0.0245017  0.00281668
0.000968808  0.00813826   0.0189596 0.000113206   0.0370033    0.039731  0.00656454    0.838507   0.0225229   0.0246392  0.00285182
  0.0009789  0.00841186    0.020455 0.000204828   0.0352763    0.043166  0.00507085    0.836729   0.0220562   0.0247658  0.00288553
0.000990597  0.00869417   0.0220128 0.000343911   0.0335778   0.0467075  0.00379292    0.834499   0.0215821    0.024881  0.00291773
 0.00100405  0.00898546   0.0236325 0.000530065    0.031915    0.050345  0.00272771    0.831826   0.0211013   0.0249847  0.00294834
 0.00101941  0.00928602   0.0253133 0.000762986   0.0302948   0.0540676   0.0018717    0.828716   0.0206145   0.0250763  0.00297727
0.00103685 0.00959611  0.0270546 0.00104246   0.028724  0.0578647 0.00122096   0.825178  0.0201223  0.0251557 0.00300443
 0.00105652  0.00991603   0.0288555  0.00136838   0.0272089   0.0617257 0.000771102     0.82122   0.0196254   0.0252224  0.00302975
 0.00107859   0.0102461    0.030715  0.00174072   0.0257557     0.06564 0.000517329    0.816853   0.0191246   0.0252761  0.00305314
 0.00110324   0.0105865   0.0326323  0.00215957   0.0243704   0.0695972 0.000454465    0.812085   0.0186206   0.0253165  0.00307452
 0.00113066   0.0109377   0.0346062  0.00262511   0.0230582   0.0735869 0.000576966    0.806927   0.0181141   0.0253434  0.00309381
 0.00116101   0.0112998   0.0366354  0.00313764   0.0218245   0.0775989 0.000878948    0.801391   0.0176058   0.0253564  0.00311093
0.000800074  0.00204719  0.00499862   0.0363325   0.0576767   0.0860897    0.213435    0.554031   0.0290952   0.0143747  0.00111904
0.00081008  0.0021271  0.0045684  0.0343787  0.0593142  0.0795633   0.206976   0.567274  0.0291616  0.0146694 0.00115631
0.000819654  0.00220957  0.00415637   0.0324581   0.0608622   0.0732905    0.200431    0.580395   0.0292177   0.0149654   0.0011943
0.000828784  0.00229467  0.00376444   0.0305743   0.0623141    0.067278    0.193813    0.593374    0.029263   0.0152624  0.00123298
0.000837455  0.00238248  0.00339452   0.0287305   0.0636636   0.0615323    0.187137    0.606193   0.0292971   0.0155602  0.00127236
0.000845657  0.00247308  0.00304854     0.02693   0.0649051   0.0560592    0.180416    0.618832   0.0293197   0.0158586   0.0013124
0.000853381  0.00256655  0.00272841   0.0251754   0.0660335   0.0508639    0.173664    0.631273   0.0293303   0.0161575  0.00135308
0.000860619  0.00266297  0.00243606   0.0234697   0.0670441   0.0459513    0.166897    0.643499   0.0293285   0.0164566   0.0013944
0.000867366  0.00276245  0.00217339   0.0218152   0.0679331   0.0413253    0.160127     0.65549   0.0293139   0.0167557  0.00143631
0.000873619  0.00286506   0.0019423   0.0202141    0.068697   0.0369896    0.153368    0.667231   0.0292863   0.0170546   0.0014788
0.000879378   0.0029709  0.00174467   0.0186686   0.0693329    0.032947    0.146634    0.678703   0.0292453   0.0173529  0.00152184
0.000884645  0.00308008  0.00158234   0.0171805   0.0698387   0.0291999    0.139937     0.68989   0.0291907   0.0176505  0.00156539
0.000889424   0.0031927  0.00145717   0.0157512   0.0702128     0.02575    0.133292    0.700776   0.0291221   0.0179472  0.00160942
0.000893725  0.00330885  0.00137094   0.0143824   0.0704541   0.0225983     0.12671    0.711346   0.0290393   0.0182426   0.0016539
0.000897557  0.00342867  0.00132542    0.013075   0.0705622   0.0197454    0.120204    0.721584   0.0289421   0.0185365  0.00169879
0.000900936  0.00355225  0.00132234   0.0118301   0.0705374   0.0171911    0.113786    0.731477   0.0288304   0.0188285  0.00174405
0.000903878  0.00367972  0.00136338   0.0106484   0.0703805   0.0149346    0.107468    0.741009    0.028704   0.0191185  0.00178963
0.000906406   0.0038112  0.00145018   0.0095305   0.0700929   0.0129747     0.10126    0.750169   0.0285628   0.0194061   0.0018355
0.000908544  0.00394682  0.00158433  0.00847678   0.0696766   0.0113094   0.0951743    0.758944   0.0284066    0.019691   0.0018816
0.000910321  0.00408671  0.00176735  0.00748744    0.069134  0.00993604   0.0892202    0.767322   0.0282355    0.019973  0.00192788
0.000911769    0.004231  0.00200071  0.00656249   0.0684684  0.00885164   0.0834078    0.775291   0.0280495   0.0202516   0.0019743
0.000912927  0.00437985  0.00228583   0.0057018   0.0676833  0.00805247   0.0777464    0.782842   0.0278485   0.0205266   0.0020208
0.000913835   0.0045334  0.00262405  0.00490508   0.0667829  0.00753428   0.0722448    0.789964   0.0276326   0.0207976  0.00206732
0.00091454 0.00469179 0.00301663 0.00417192  0.0657718 0.00729231  0.0669115    0.79665   0.027402  0.0210643  0.0021138
0.00091509 0.00485518 0.00346477 0.00350176   0.064655 0.00732124  0.0617539    0.80289  0.0271567  0.0213264 0.00216018
0.000915543  0.00502374  0.00396961  0.00289393    0.063438  0.00761526   0.0567795    0.808678   0.0268969   0.0215835   0.0022064
0.000915957  0.00519763  0.00453217  0.00234766   0.0621269  0.00816807   0.0519947    0.814007   0.0266228   0.0218352  0.00225239
0.000916397  0.00537703  0.00515342  0.00186209   0.0607278  0.00897292   0.0474056    0.818871   0.0263347   0.0220813  0.00229808
0.000916933   0.0055621  0.00583425  0.00143629   0.0592474   0.0100226   0.0430176    0.823265   0.0260328   0.0223212   0.0023434
0.00091764 0.00575304 0.00657542 0.00106926  0.0576926  0.0113094  0.0388355   0.827187  0.0257175  0.0225548 0.00238829
0.000918599  0.00595004  0.00737765  0.00075995   0.0560706   0.0128254   0.0348638    0.830631    0.025389   0.0227815  0.00243266
0.000919894  0.00615327  0.00824155 0.000507272   0.0543889   0.0145621   0.0311058    0.833596   0.0250477   0.0230011  0.00247644
0.000921616  0.00636296  0.00916762 0.000310116   0.0526551   0.0165109   0.0275649     0.83608   0.0246941   0.0232131  0.00251956
0.000923861  0.00657929   0.0101563 0.000167364    0.050877   0.0186625   0.0242434    0.838083   0.0243286   0.0234172  0.00256193
0.000926731  0.00680249   0.0112079 7.78966e-05   0.0490626   0.0210077   0.0211432    0.839604   0.0239516   0.0236129  0.00260347
0.000930334  0.00703277   0.0123226 4.06092e-05   0.0472199   0.0235368   0.0182656    0.840644   0.0235636      0.0238   0.0026441
 0.00093478  0.00727036   0.0135006 5.44237e-05    0.045357   0.0262399   0.0156113    0.841205   0.0231651    0.023978  0.00268374
0.000940188  0.00751547   0.0147419 0.000118299    0.043482    0.029107   0.0131806    0.841289   0.0227568   0.0241465   0.0027223
0.000946683  0.00776836   0.0160465 0.000231241    0.041603   0.0321277    0.010973      0.8409    0.022339   0.0243053   0.0027597
0.000954391  0.00802925   0.0174141 0.000392316   0.0397281   0.0352916  0.00898747    0.840041   0.0219125   0.0244538  0.00279586
0.000963449  0.00829841   0.0188445 0.000600655   0.0378652   0.0385882  0.00722267    0.838717   0.0214778   0.0245917  0.00283068
0.000973995  0.00857607   0.0203373 0.000855467   0.0360222   0.0420068  0.00567654    0.836933   0.0210355   0.0247187  0.00286409
0.000986174  0.00886251    0.021892  0.00115604   0.0342066   0.0455367  0.00434661    0.834697   0.0205862   0.0248344  0.00289599
0.00100014 0.00915799  0.0235081 0.00150177  0.0324261  0.0491671 0.00322986   0.832014  0.0201307  0.0249384  0.0029263
0.00101604 0.00946278  0.0251849 0.00189213  0.0306879  0.0528872 0.00232286   0.828891  0.0196694  0.0250305 0.00295493
0.00103404 0.00977715  0.0269217 0.00232669   0.028999  0.0566864  0.0016217   0.825338  0.0192032  0.0251102 0.00298181
 0.0010543  0.0101014  0.0287175 0.00280517  0.0273662  0.0605538 0.00112205   0.821363  0.0187327  0.0251772 0.00300684
   0.001077   0.0104358   0.0305714  0.00332734   0.0257958   0.0644788 0.000819148    0.816975   0.0182585   0.0252312  0.00302995
0.00110231  0.0107807  0.0324823 0.00389313  0.0242941  0.0684509 0.00070788   0.812184  0.0177813  0.0252718 0.00305106
  0.0011304   0.0111364   0.0344492  0.00450255   0.0228668   0.0724596 0.000782743    0.807002   0.0173018   0.0252989  0.00307008
0.00116146  0.0115031  0.0364707 0.00515576  0.0215192  0.0764945  0.0010379   0.801437  0.0168207  0.0253121 0.00308695
0.00079258 0.00208673 0.00494211  0.0323155  0.0596137  0.0890059   0.215838    0.55227  0.0276955  0.0143299 0.00111011
0.000802428  0.00216858  0.00450814   0.0303952   0.0613375   0.0823385    0.209353    0.565569   0.0277561   0.0146245  0.00114713
0.000811849  0.00225304  0.00409245   0.0285146   0.0629667   0.0759237    0.202781    0.578745   0.0278071   0.0149204  0.00118486
0.000820829  0.00234018  0.00369696   0.0266772   0.0644944   0.0697687    0.196134    0.591779   0.0278481   0.0152174  0.00122328
0.000829355  0.00243008  0.00332359   0.0248863   0.0659142   0.0638803    0.189428    0.604652   0.0278787   0.0155152  0.00126239
0.000837418  0.00252283  0.00297426    0.023145   0.0672203   0.0582644    0.182675    0.617346   0.0278985   0.0158137  0.00130216
0.000845008  0.00261849  0.00265091   0.0214561   0.0684073   0.0529266    0.175892    0.629841   0.0279071   0.0161127  0.00134258
0.000852118  0.00271716  0.00235545   0.0198221   0.0694707   0.0478719    0.169091     0.64212   0.0279041   0.0164119  0.00138362
0.000858744  0.00281892   0.0020898   0.0182456   0.0704061   0.0431046    0.162286    0.654165   0.0278892   0.0167112  0.00142525
0.000864884  0.00292388  0.00185584   0.0167287   0.0712101   0.0386286    0.155491    0.665957   0.0278621   0.0170102  0.00146746
0.000870538  0.00303211  0.00165547   0.0152732   0.0718798   0.0344471     0.14872     0.67748   0.0278223   0.0173088  0.00151021
0.000875708  0.00314374  0.00149054   0.0138809   0.0724129   0.0305625    0.141986    0.688718   0.0277698   0.0176067  0.00155347
 0.0008804 0.00325885 0.00136288  0.0125533  0.0728076  0.0269769   0.135302   0.699653  0.0277041  0.0179037 0.00159721
0.000884623  0.00337755  0.00127428   0.0112915   0.0730631   0.0236915     0.12868    0.710271   0.0276251   0.0181994   0.0016414
0.000888388  0.00349996  0.00122652   0.0100965   0.0731788   0.0207072    0.122134    0.720556   0.0275326   0.0184937  0.00168599
0.000891711  0.00362619  0.00122132  0.00896914    0.073155   0.0180239    0.115675    0.730495   0.0274263   0.0187861  0.00173095
0.000894609  0.00375635  0.00126035  0.00790998   0.0729925   0.0156411    0.109314    0.740072   0.0273062   0.0190766  0.00177623
0.000897104  0.00389058  0.00134525  0.00691936   0.0726927   0.0135577    0.103064    0.749275   0.0271721   0.0193647  0.00182179
0.000899223    0.004029   0.0014776  0.00599743   0.0722578    0.011772   0.0969342    0.758091    0.027024   0.0196501  0.00186758
0.000900994  0.00417173  0.00165891  0.00514416   0.0716903   0.0102816   0.0909358    0.766509   0.0268618   0.0199326  0.00191356
0.000902452  0.00431893  0.00189065  0.00435934   0.0709935  0.00908352   0.0850785    0.774516   0.0266854   0.0202118  0.00195966
0.000903634  0.00447073  0.00217423  0.00364256    0.070171  0.00817429   0.0793717    0.782104    0.026495   0.0204874  0.00200585
0.000904581  0.00462727  0.00251096   0.0029933   0.0692272   0.0075498   0.0738242    0.789261   0.0262905    0.020759  0.00205205
0.000905342  0.00478871  0.00290211  0.00241086   0.0681668  0.00720543   0.0684443     0.79598    0.026072   0.0210264  0.00209821
0.000905965  0.00495521  0.00334886  0.00189441    0.066995  0.00713601   0.0632398    0.802252   0.0258397   0.0212892  0.00214428
0.000906508  0.00512692  0.00385232  0.00144301   0.0657176  0.00733585    0.058218    0.808069   0.0255938   0.0215469  0.00219018
0.000907031  0.00530401  0.00441352   0.0010556   0.0643407  0.00779877   0.0533854    0.813425   0.0253343   0.0217994  0.00223585
 0.0009076 0.00548665  0.0050334 0.00073105  0.0628708  0.0085181  0.0487481   0.818315  0.0250616  0.0220462 0.00228122
0.000908284  0.00567503  0.00571281 0.000468122   0.0613146  0.00948673   0.0443117    0.822734   0.0247759   0.0222869  0.00232622
0.000909159  0.00586932  0.00645253 0.000265532   0.0596795   0.0106971   0.0400809    0.826676   0.0244774   0.0225212  0.00237079
0.000910306  0.00606971  0.00725324 0.000121938   0.0579729   0.0121413   0.0360602     0.83014   0.0241666   0.0227487  0.00241484
0.000911812  0.00627639  0.00811552 3.59643e-05   0.0562024   0.0138109   0.0322531    0.833123   0.0238437   0.0229691   0.0024583
0.000913767  0.00648958  0.00903986 6.21047e-06    0.054376   0.0156972   0.0286629    0.835622   0.0235092   0.0231819   0.0025011
0.000916268  0.00670946   0.0100267 3.12687e-05   0.0525018   0.0177912   0.0252919    0.837638   0.0231634   0.0233867  0.00254315
0.000919418  0.00693626   0.0110762 0.000109735    0.050588   0.0200835   0.0221422     0.83917   0.0228069   0.0235833  0.00258438
0.000923323  0.00717019   0.0121887 0.000240225    0.048643   0.0225646   0.0192151    0.840219   0.0224399   0.0237711  0.00262469
0.000928097  0.00741147   0.0133643 0.000421382   0.0466751   0.0252245   0.0165113    0.840787   0.0220632   0.0239499  0.00266402
0.000933859  0.00766033   0.0146029 0.000651894   0.0446928   0.0280531   0.0140311    0.840876   0.0216771   0.0241192  0.00270227
0.000940732  0.00791702   0.0159045 0.000930502   0.0427045   0.0310401    0.011774    0.840488   0.0212822   0.0242786  0.00273937
0.000948845  0.00818176   0.0172688  0.00125601   0.0407185   0.0341752  0.00973931    0.839629    0.020879   0.0244279  0.00277522
0.000958334  0.00845481   0.0186956  0.00162731   0.0387432   0.0374477  0.00792542    0.838303   0.0204681   0.0245665  0.00280974
0.000969338  0.00873642   0.0201844  0.00204336   0.0367865   0.0408468  0.00633045    0.836515   0.0200502   0.0246942  0.00284285
0.000982003  0.00902686   0.0217348  0.00250321   0.0348567   0.0443619  0.00495192    0.834272   0.0196257   0.0248105  0.00287445
0.000996479  0.00932638   0.0233461  0.00300604   0.0329613    0.047982  0.00378689     0.83158   0.0191954   0.0249152  0.00290448
0.00101292 0.00963526  0.0250176  0.0035511  0.0311081  0.0516964 0.00283197   0.828446  0.0187598  0.0250078 0.00293283
0.00103149 0.00995379  0.0267486 0.00413777  0.0293043  0.0554942 0.00208328    0.82488  0.0183195   0.025088 0.00295942
0.00105236  0.0102822   0.028538 0.00476556  0.0275571  0.0593646 0.00153654   0.820889  0.0178752  0.0251555 0.00298418
0.00107568  0.0106209  0.0303851 0.00543408   0.025873  0.0632969 0.00118705   0.816483  0.0174275    0.02521 0.00300702
0.00110164  0.0109701  0.0322886 0.00614307  0.0242586  0.0672803 0.00102972   0.811672  0.0169771  0.0252511 0.00302786
0.00113042  0.0113301  0.0342473 0.00689241  0.0227198  0.0713044  0.0010591   0.806467  0.0165245  0.0252786 0.00304663
 0.0011622  0.0117012  0.0362601 0.00768208  0.0212624  0.0753587  0.0012694   0.800878  0.0160705  0.0252921 0.00306325
0.000785184  0.00212554  0.00489562    0.028723   0.0616035   0.0919488    0.218081    0.550114   0.0263275   0.0142948  0.00110118
0.000794876  0.00220929  0.00445743   0.0268429   0.0634099   0.0851423    0.211574    0.563459   0.0263826   0.0145897  0.00113795
0.000804146   0.0022957  0.00403758   0.0250088   0.0651167   0.0785875    0.204979    0.576681   0.0264289   0.0148858  0.00117542
0.000812978  0.00238485  0.00363799   0.0232243   0.0667167   0.0722918    0.198308    0.589761   0.0264658    0.015183  0.00121359
0.000821362   0.0024768  0.00326059   0.0214925   0.0682034   0.0662622    0.191576     0.60268   0.0264932   0.0154812  0.00125244
0.000829288  0.00257164  0.00290731   0.0198166   0.0695707    0.060505    0.184798    0.615419   0.0265104     0.01578  0.00129194
0.000836746  0.00266944  0.00258008   0.0181992   0.0708133    0.055026    0.177987     0.62796   0.0265173   0.0160794  0.00133209
0.000843732  0.00277031  0.00228082    0.016643   0.0719261   0.0498305    0.171157    0.640283   0.0265134   0.0163791  0.00137285
0.00085024 0.00287432 0.00201144  0.0151502  0.0729049  0.0449231   0.164322   0.652372  0.0264983  0.0166788 0.00141421
0.000856269  0.00298156  0.00177385   0.0137229   0.0737461   0.0403078    0.157497    0.664208   0.0264718   0.0169783  0.00145614
0.000861821  0.00309214  0.00156993   0.0123628   0.0744467   0.0359881    0.150695    0.675774   0.0264336   0.0172775  0.00149861
0.000866897  0.00320616  0.00140154   0.0110716   0.0750044   0.0319668    0.143928    0.687054   0.0263833    0.017576  0.00154158
0.000871505   0.0033237   0.0012705  0.00985051   0.0754173   0.0282461    0.137211    0.698031   0.0263207   0.0178736  0.00158503
0.000875653   0.0034449  0.00117862  0.00870059   0.0756845   0.0248274    0.130555    0.708689   0.0262457     0.01817  0.00162893
0.000879354  0.00356984  0.00112765  0.00762266   0.0758055   0.0217119    0.123973    0.719014   0.0261579   0.0184649  0.00167322
0.000882624  0.00369865  0.00111932  0.00661732   0.0757805   0.0188998    0.117478     0.72899   0.0260573   0.0187582  0.00171788
0.000885481  0.00383145  0.00115531  0.00568491   0.0756105   0.0163907    0.111081    0.738604   0.0259436   0.0190494  0.00176287
0.000887948  0.00396836  0.00123724  0.00482558   0.0752968   0.0141837    0.104794    0.747843   0.0258169   0.0193383  0.00180813
0.000890051  0.00410951  0.00136668  0.00403924   0.0748417   0.0122774   0.0986262    0.756694   0.0256769   0.0196245  0.00185361
0.000891821  0.00425503  0.00154515  0.00332563   0.0742477   0.0106694   0.0925893    0.765145   0.0255236   0.0199079  0.00189928
0.000893291  0.00440505  0.00177411  0.00268429   0.0735183   0.0093571   0.0866928    0.773185    0.025357    0.020188  0.00194508
 0.0008945 0.00455972 0.00205494 0.00211456  0.0726573 0.00833709  0.0809461   0.780803  0.0251772  0.0204645 0.00199096
0.000895491  0.00471919  0.00238897  0.00161565   0.0716691  0.00760546   0.0753582     0.78799   0.0249842   0.0207371  0.00203685
0.000896311   0.0048836  0.00277744  0.00118659   0.0705587  0.00715772   0.0699374    0.794736    0.024778   0.0210055   0.0020827
0.000897012  0.00505312  0.00322153  0.00082627   0.0693313  0.00698884   0.0646915    0.801034   0.0245587   0.0212692  0.00212845
 0.00089765  0.00522789  0.00372232 0.000533475    0.067993  0.00709325   0.0596278    0.806876   0.0243266    0.021528  0.00217404
0.000898286   0.0054081  0.00428084 0.000306863   0.0665501  0.00746489   0.0547528    0.812255   0.0240818   0.0217815   0.0022194
0.000898986   0.0055939  0.00489801 0.000144999   0.0650092  0.00809721   0.0500728    0.817167   0.0238245   0.0220294  0.00226445
0.000899822  0.00578549  0.00557467 4.63681e-05   0.0633775  0.00898318   0.0455932    0.821604    0.023555   0.0222711  0.00230914
 0.00090087  0.00598303  0.00631157 9.38698e-06   0.0616624   0.0101153   0.0413189    0.825565   0.0232735   0.0225065   0.0023534
0.000902211  0.00618673  0.00710937 3.24222e-05   0.0598716   0.0114858   0.0372543    0.829045   0.0229803   0.0227351  0.00239713
0.000903931  0.00639677  0.00796865 0.000113804    0.058013   0.0130862   0.0334031    0.832042   0.0226758   0.0229565  0.00244028
0.000906124  0.00661335  0.00888986 0.000251842   0.0560949    0.014908   0.0297685    0.834554   0.0223604   0.0231704  0.00248277
0.000908886  0.00683668  0.00987338 0.000444837   0.0541256   0.0169421   0.0263529    0.836581   0.0220343   0.0233763  0.00252451
0.000912319  0.00706697   0.0109195 0.000691101   0.0521137   0.0191792   0.0231583    0.838121   0.0216981   0.0235739  0.00256543
0.000916532  0.00730444   0.0120284 0.000988966   0.0500678   0.0216098   0.0201862    0.839177   0.0213522   0.0237628  0.00260544
0.000921639  0.00754931   0.0132001   0.0013368   0.0479966   0.0242239   0.0174373     0.83975   0.0209971   0.0239426  0.00264446
0.000927759   0.0078018   0.0144346  0.00173302   0.0459088   0.0270114   0.0149119    0.839842   0.0206332   0.0241129  0.00268241
0.000935015  0.00806217   0.0157318  0.00217609   0.0438132   0.0299621   0.0126095    0.839457    0.020261   0.0242733   0.0027192
0.000943538  0.00833064   0.0170915  0.00266458   0.0417183   0.0330654   0.0105295    0.838597   0.0198812   0.0244235  0.00275476
0.000953463  0.00860746   0.0185132   0.0031971   0.0396329   0.0363108  0.00867033    0.837269   0.0194941   0.0245631  0.00278899
0.00096493  0.0088929  0.0199967 0.00377239  0.0375652  0.0396875 0.00703013   0.835476  0.0191004  0.0246917  0.0028218
0.000978086   0.0091872   0.0215413  0.00438928   0.0355237   0.0431846  0.00560648    0.833227   0.0187006   0.0248089  0.00285312
0.00099308 0.00949064  0.0231465 0.00504669  0.0335164  0.0467913 0.00439647   0.830526  0.0182953  0.0249144 0.00288286
0.00101007 0.00980349  0.0248114 0.00574368  0.0315513  0.0504967 0.00339673   0.827383  0.0178852  0.0250078 0.00291094
0.00102921   0.010126  0.0265353 0.00647943  0.0296358  0.0542898 0.00260346   0.823804  0.0174707  0.0250888 0.00293726
0.00105068  0.0104585  0.0283172 0.00725326  0.0277775  0.0581598 0.00201239   0.819799  0.0170525   0.025157 0.00296175
0.00107464  0.0108013  0.0301562 0.00806459  0.0259832  0.0620959 0.00161889   0.815378  0.0166312  0.0252121 0.00298433
0.00110126  0.0111546   0.032051   0.008913  0.0242597  0.0660872 0.00141789   0.810549  0.0162073  0.0252538 0.00300492
0.00113073  0.0115188  0.0340005 0.00979822  0.0226133  0.0701231   0.001404   0.805325  0.0157816  0.0252818 0.00302344
0.00116323  0.0118942  0.0360033  0.0107201  0.0210499  0.0741931 0.00157146   0.799715  0.0153545  0.0252957 0.00303982
0.000777882  0.00216362  0.00486008   0.0255578   0.0636449   0.0949155    0.220159    0.547567   0.0249924   0.0142694  0.00109225
0.000787421  0.00224924  0.00441724   0.0237246   0.0655301    0.087972    0.213635    0.560948   0.0250422   0.0145647  0.00112877
0.000796541  0.00233756  0.00399275   0.0219436   0.0673108   0.0812791    0.207021    0.574207    0.025084   0.0148614  0.00116599
0.000805228  0.00242867  0.00358854   0.0202184   0.0689795   0.0748446    0.200331    0.587324   0.0251172   0.0151592   0.0012039
0.000813472  0.00252262  0.00320655   0.0185521   0.0705296   0.0686755    0.193578     0.60028   0.0251415   0.0154579  0.00124248
0.000821263  0.00261951  0.00284871   0.0169478   0.0719547   0.0627787    0.186778    0.613055   0.0251565   0.0157575  0.00128173
0.000828593  0.00271942  0.00251695    0.015408   0.0732493     0.05716    0.179944    0.625632   0.0251618   0.0160575  0.00132161
0.000835456  0.00282243   0.0022132   0.0139354   0.0744083    0.051825    0.173091    0.637992   0.0251572   0.0163579   0.0013621
0.00084185 0.00292863 0.00193938   0.012532  0.0754274  0.0467787   0.166232   0.650116  0.0251422  0.0166584 0.00140319
0.000847771  0.00303812  0.00169739   0.0111999   0.0763028   0.0420252    0.159382    0.661987   0.0251165   0.0169588  0.00144484
0.000853223  0.00315099  0.00148911  0.00994069   0.0770314   0.0375684    0.152553    0.673588   0.0250799   0.0172588  0.00148702
0.000858209  0.00326734  0.00131641  0.00875575   0.0776108   0.0334111    0.145759    0.684901   0.0250321   0.0175582  0.00152972
0.000862735  0.00338727  0.00118111  0.00764625   0.0780393   0.0295559    0.139014    0.695911   0.0249729   0.0178567  0.00157288
0.000866812  0.00351089  0.00108501  0.00661306   0.0783157   0.0260046     0.13233    0.706602   0.0249019   0.0181541  0.00161648
0.000870452  0.00363831  0.00102988  0.00565682   0.0784396   0.0227583    0.125719    0.716958   0.0248191   0.0184501  0.00166049
0.000873672  0.00376965  0.00101743  0.00477792   0.0784112   0.0198176    0.119194    0.726965   0.0247242   0.0187444  0.00170486
0.000876491  0.00390502  0.00104933   0.0039765   0.0782315   0.0171823    0.112766     0.73661   0.0246171   0.0190367  0.00174954
0.000878933  0.00404455  0.00112721  0.00325248    0.077902   0.0148518    0.106447    0.745878   0.0244977   0.0193267   0.0017945
0.000881024  0.00418836  0.00125264  0.00260554   0.0774249   0.0128246    0.100247    0.754756    0.024366   0.0196141  0.00183969
0.000882795  0.00433659  0.00142714  0.00203518   0.0768029   0.0110988    0.094177    0.763234   0.0242217   0.0198986  0.00188506
0.000884282  0.00448937  0.00165213  0.00154068   0.0760396  0.00967181    0.088247      0.7713   0.0240651     0.02018  0.00193056
0.000885523  0.00464684  0.00192902  0.00112113   0.0751388  0.00854044   0.0824662    0.778942   0.0238959   0.0204577  0.00197612
0.000886561  0.00480915  0.00225911 0.000775452   0.0741052  0.00770094   0.0768436    0.786152   0.0237144   0.0207316  0.00202171
0.000887445  0.00497646  0.00264363 0.000502421   0.0729437  0.00714896   0.0713875    0.792921   0.0235205   0.0210012  0.00206726
0.000888227  0.00514891  0.00308376 0.000300649   0.0716602  0.00687961   0.0661058     0.79924   0.0233143   0.0212663   0.0021127
0.000888963  0.00532667  0.00358058 0.000168624   0.0702605  0.00688746   0.0610057    0.805101   0.0230961   0.0215264  0.00215798
0.000889716  0.00550991  0.00413508  0.00010472   0.0687512  0.00716656   0.0560939    0.810499    0.022866   0.0217812  0.00220302
0.000890553  0.00569879  0.00474818  0.00010721   0.0671393  0.00771046   0.0513765    0.815427   0.0226241   0.0220304  0.00224777
0.000891546   0.0058935  0.00542071 0.000174282   0.0654321  0.00851223   0.0468591     0.81988   0.0223707   0.0222735  0.00229216
 0.00089277  0.00609421   0.0061534 0.000304061   0.0636372  0.00956448   0.0425465    0.823855   0.0221061   0.0225103   0.0023361
0.000894309  0.00630111  0.00694689 0.000494616   0.0617626   0.0108594   0.0384432    0.827348   0.0218305   0.0227402  0.00237953
 0.00089625  0.00651441  0.00780174 0.000743983   0.0598166   0.0123888    0.034553    0.830356   0.0215443    0.022963  0.00242237
0.000898685  0.00673429  0.00871839  0.00105018   0.0578077    0.014144   0.0308788    0.832877   0.0212479   0.0231782  0.00246455
0.000901712  0.00696097   0.0096972  0.00141121   0.0557444   0.0161161   0.0274234    0.834912   0.0209415   0.0233854  0.00250599
0.000905434  0.00719464   0.0107384  0.00182511   0.0536356   0.0182957   0.0241888     0.83646   0.0206256   0.0235844   0.0025466
0.00090996 0.00743555  0.0118422 0.00228992  0.0514903  0.0206734  0.0211762   0.837521  0.0203006  0.0237746 0.00258631
0.000915405  0.00768389   0.0130086  0.00280373   0.0493173   0.0232393   0.0183866    0.838097    0.019967   0.0239556  0.00262504
0.000921887  0.00793991   0.0142376  0.00336469   0.0471259   0.0259831   0.0158203    0.838192   0.0196252   0.0241272  0.00266269
0.000929532  0.00820384    0.015529    0.003971   0.0449249   0.0288948   0.0134768    0.837806   0.0192756   0.0242889  0.00269919
0.00093847 0.00847592  0.0168826 0.00462096  0.0427233  0.0319636  0.0113555   0.836946  0.0189189  0.0244403 0.00273446
0.000948836  0.00875641   0.0182979  0.00531296   0.0405301    0.035179  0.00945487    0.835615   0.0185555    0.024581   0.0027684
0.000960772  0.00904554   0.0197746  0.00604546    0.038354   0.0385302  0.00777312    0.833819   0.0181858   0.0247107  0.00280094
0.000974423  0.00934359   0.0213121  0.00681708   0.0362035   0.0420064  0.00630785    0.831563   0.0178106    0.024829  0.00283198
0.000989941  0.00965081   0.0229098  0.00762652   0.0340872   0.0455965  0.00505618    0.828856   0.0174302   0.0249355  0.00286144
0.00100748  0.0099675  0.0245668 0.00847263  0.0320131  0.0492897  0.0040148   0.825704  0.0170453  0.0250299 0.00288925
0.00102721  0.0102939  0.0262823 0.00935439  0.0299893  0.0530749 0.00317992   0.822115  0.0166565  0.0251118 0.00291531
0.00104928  0.0106303  0.0280553  0.0102709  0.0280232  0.0569411 0.00254734   0.818098  0.0162642  0.0251809 0.00293955
0.00107388  0.0109771  0.0298848  0.0112215  0.0261223  0.0608775 0.00211243   0.813663   0.015869  0.0252368 0.00296188
0.00110116  0.0113344  0.0317697  0.0122055  0.0242934  0.0648732  0.0018702   0.808819  0.0154716  0.0252792 0.00298222
0.00113133  0.0117027  0.0337087  0.0132225  0.0225432  0.0689175 0.00181528   0.803578  0.0150724  0.0253079  0.0030005
0.00116455  0.0120822  0.0357005  0.0142723  0.0208778  0.0729997 0.00194196    0.79795  0.0146721  0.0253224 0.00301664
