 0.00500386   0.0289614   0.0178591    0.055267     0.33441    0.155253    0.283816    0.109395    0.007295  0.00223766 0.000501599
 0.00507058   0.0295936   0.0176424   0.0554978    0.332955    0.153418    0.281985    0.113331  0.00769697  0.00229831 0.000511116
0.00513769  0.0302315   0.017422  0.0557697   0.331451   0.151551   0.280126   0.117317 0.00811214 0.00236048 0.00052097
 0.0052052   0.030875  0.0171982   0.056082   0.329897   0.149654    0.27824   0.121353  0.0085406 0.00242418 0.00053117
 0.00527309    0.031524   0.0169711    0.056434    0.328294    0.147728    0.276326    0.125436  0.00898244  0.00248944 0.000541725
 0.00534135   0.0321783   0.0167409    0.056825    0.326643    0.145776    0.274384    0.129564  0.00943774  0.00255624 0.000552646
 0.00540997   0.0328377   0.0165077   0.0572544    0.324945    0.143799    0.272414    0.133737  0.00990657  0.00262462 0.000563942
 0.00547894    0.033502   0.0162719   0.0577215    0.323201    0.141799    0.270416    0.137951    0.010389  0.00269457 0.000575621
 0.00554826   0.0341712   0.0160334   0.0582254    0.321411    0.139777     0.26839    0.142205   0.0108851  0.00276612 0.000587695
 0.00561792    0.034845   0.0157927   0.0587655    0.319575    0.137737    0.266335    0.146498   0.0113949  0.00283925 0.000600172
  0.0056879   0.0355233   0.0155497    0.059341    0.317695    0.135678    0.264252    0.150827   0.0119185    0.002914 0.000613063
  0.0057582   0.0362058   0.0153049   0.0599511    0.315772    0.133604    0.262141     0.15519   0.0124559  0.00299036 0.000626378
 0.00582881   0.0368924   0.0150582   0.0605951    0.313806    0.131516    0.260002    0.159586   0.0130073  0.00306835 0.000640126
 0.00589971   0.0375829   0.0148101    0.061272    0.311798    0.129415    0.257835    0.164013   0.0135725  0.00314796 0.000654318
  0.0059709   0.0382771   0.0145606   0.0619812    0.309749    0.127304     0.25564    0.168468   0.0141516  0.00322922 0.000668965
 0.00604236   0.0389748   0.0143101   0.0627217    0.307659    0.125184    0.253418    0.172949   0.0147448  0.00331212 0.000684077
 0.00611409   0.0396757   0.0140586   0.0634928     0.30553    0.123057    0.251167    0.177456   0.0153519  0.00339667 0.000699664
 0.00618608   0.0403798   0.0138065   0.0642935    0.303363    0.120925    0.248889    0.181985    0.015973  0.00348288 0.000715736
 0.00625831   0.0410866    0.013554   0.0651231    0.301159    0.118789    0.246584    0.186535   0.0166082  0.00357076 0.000732306
 0.00633077   0.0417962   0.0133013   0.0659805    0.298917    0.116651    0.244252    0.191103   0.0172574   0.0036603 0.000749382
 0.00640345   0.0425081   0.0130487   0.0668651     0.29664    0.114514    0.241894    0.195688   0.0179206  0.00375151 0.000766977
0.00647634  0.0432222  0.0127963  0.0677758   0.294329   0.112377   0.239508   0.200288  0.0185978 0.00384441  0.0007851
 0.00654943   0.0439383   0.0125445   0.0687118    0.291983    0.110244    0.237097      0.2049    0.019289  0.00393898 0.000803764
 0.00662271   0.0446561   0.0122934   0.0696721    0.289605    0.108116     0.23466    0.209522   0.0199942  0.00403523 0.000822979
 0.00669616   0.0453754   0.0120433   0.0706558    0.287195    0.105994    0.232198    0.214153   0.0207134  0.00413317 0.000842755
 0.00676977   0.0460959   0.0117945   0.0716621    0.284754    0.103879    0.229711    0.218791   0.0214464   0.0042328 0.000863105
0.00684353  0.0468174  0.0115473    0.07269   0.282283   0.101774     0.2272   0.223433  0.0221934 0.00433411 0.00088404
0.00691744  0.0475397  0.0113018  0.0737386   0.279784    0.09968   0.224665   0.228077  0.0229542 0.00443712 0.00090557
 0.00699147   0.0482625   0.0110583   0.0748068    0.277257   0.0975981    0.222106    0.232721   0.0237289  0.00454182 0.000927707
 0.00706561   0.0489855    0.010817   0.0758939    0.274704     0.09553    0.219525    0.237364   0.0245172   0.0046482 0.000950463
 0.00713985   0.0497085   0.0105784   0.0769989    0.272125    0.093477    0.216921    0.242002   0.0253193  0.00475628 0.000973849
 0.00721418   0.0504312   0.0103425   0.0781207    0.269521   0.0914405    0.214296    0.246635   0.0261349  0.00486604 0.000997875
0.00728858  0.0511534  0.0101096  0.0792586   0.266894  0.0894217    0.21165    0.25126  0.0269641 0.00497748 0.00102256
0.00736305  0.0518747 0.00988013  0.0804114   0.264245   0.087422   0.208983   0.255875  0.0278068 0.00509062  0.0010479
0.00743757   0.052595 0.00965419  0.0815784   0.261575  0.0854426   0.206297   0.260478  0.0286629 0.00520543 0.00107392
0.00751212   0.053314  0.0094321  0.0827585   0.258885  0.0834847   0.203592   0.265067  0.0295322 0.00532191 0.00110063
0.00758669  0.0540313 0.00921411  0.0839508   0.256176  0.0815495   0.200869    0.26964  0.0304148 0.00544008 0.00112803
0.00766127  0.0547467 0.00900049  0.0851543   0.253449   0.079638   0.198129   0.274195  0.0313104 0.00555991 0.00115615
0.00773585    0.05546 0.00879151  0.0863682   0.250705  0.0777513   0.195372    0.27873  0.0322191  0.0056814 0.00118499
 0.0078104  0.0561708 0.00858742  0.0875915   0.247946  0.0758905     0.1926   0.283244  0.0331406 0.00580455 0.00121456
0.00788493  0.0568788  0.0083885  0.0888232   0.245173  0.0740565   0.189813   0.287733  0.0340749 0.00592935 0.00124488
0.00795941  0.0575838   0.008195  0.0900624   0.242386  0.0722502   0.187013   0.292197  0.0350218  0.0060558 0.00127595
0.00803382  0.0582856 0.00800719  0.0913083   0.239587  0.0704726   0.184199   0.296633  0.0359813 0.00618388 0.00130779
0.00810817  0.0589837 0.00782534  0.0925598   0.236778  0.0687245   0.181374    0.30104  0.0369531 0.00631359 0.00134042
0.00818242  0.0596779  0.0076497   0.093816   0.233958  0.0670067   0.178537   0.305415  0.0379371 0.00644492 0.00137383
0.00825658   0.060368 0.00748053  0.0950762   0.231131  0.0653199   0.175691   0.309758  0.0389332 0.00657787 0.00140805
0.00833062  0.0610536  0.0073181  0.0963393   0.228295  0.0636649   0.172837   0.314065  0.0399413 0.00671241 0.00144308
0.00840452  0.0617345 0.00716266  0.0976044   0.225454  0.0620422   0.169974   0.318335  0.0409612 0.00684855 0.00147894
0.00847829  0.0624103 0.00701447  0.0988708   0.222607  0.0604525   0.167105   0.322567  0.0419926 0.00698627 0.00151563
0.00855189  0.0630808 0.00687378   0.100137   0.219757  0.0588964    0.16423   0.326758  0.0430356 0.00712555 0.00155318
0.00862532  0.0637456 0.00674085   0.101403   0.216904  0.0573743   0.161351   0.330908  0.0440898  0.0072664 0.00159158
 0.00488953   0.0287482   0.0182084   0.0598233    0.326653    0.146601    0.294422    0.110226  0.00757197   0.0023717 0.000484121
 0.00495494    0.029379   0.0179931   0.0600219    0.325185    0.144767    0.292628    0.114154  0.00798879  0.00243474 0.000493339
 0.00502075   0.0300156    0.017774    0.060261    0.323668    0.142904    0.290804    0.118131  0.00841906  0.00249932 0.000502892
 0.00508695   0.0306578   0.0175513   0.0605401    0.322103    0.141014     0.28895    0.122156  0.00886289  0.00256547 0.000512789
 0.00515353   0.0313056   0.0173251   0.0608584    0.320491    0.139098    0.287064    0.126228  0.00932033  0.00263318 0.000523039
 0.00522049   0.0319587   0.0170956   0.0612152    0.318832    0.137159    0.285147    0.130344  0.00979149  0.00270247 0.000533652
 0.00528781   0.0326171   0.0168629     0.06161    0.317127    0.135198      0.2832    0.134503   0.0102764  0.00277336 0.000544637
 0.00535549   0.0332805   0.0166274   0.0620419    0.315377    0.133217    0.281221    0.138702   0.0107752  0.00284584 0.000556004
 0.00542352   0.0339487    0.016389   0.0625103    0.313583    0.131218    0.279211    0.142941   0.0112879  0.00291994 0.000567762
 0.00549189   0.0346217   0.0161481   0.0630145    0.311744    0.129203     0.27717    0.147217   0.0118146  0.00299565 0.000579921
 0.00556059   0.0352992   0.0159049   0.0635536    0.309863    0.127173    0.275098    0.151528   0.0123552    0.003073 0.000592492
 0.00562962    0.035981   0.0156594   0.0641269    0.307939     0.12513    0.272994    0.155872     0.01291  0.00315198 0.000605483
 0.00569895    0.036667    0.015412   0.0647336    0.305974    0.123076     0.27086    0.160248   0.0134788   0.0032326 0.000618906
0.00576859  0.0373569  0.0151629   0.065373   0.303968   0.121013   0.268694   0.164654  0.0140618 0.00331488 0.00063277
 0.00583853   0.0380506   0.0149122   0.0660441    0.301923    0.118942    0.266498    0.169087    0.014659  0.00339882 0.000647087
 0.00590875   0.0387479   0.0146602   0.0667463    0.299839    0.116865    0.264271    0.173545   0.0152703  0.00348442 0.000661865
 0.00597924   0.0394485   0.0144071   0.0674786    0.297717    0.114784    0.262013    0.178028   0.0158959  0.00357169 0.000677116
   0.00605  0.0401523  0.0141532  0.0682403   0.295558   0.112701   0.259724   0.182532  0.0165357 0.00366064 0.00069285
   0.006121   0.0408591   0.0138985   0.0690304    0.293362    0.110617    0.257406    0.187055   0.0171897  0.00375127 0.000709079
 0.00619226   0.0415685   0.0136435   0.0698481    0.291132    0.108535    0.255057    0.191597    0.017858  0.00384358 0.000725812
0.00626374  0.0422804  0.0133883  0.0706926   0.288867   0.106454   0.252679   0.196153  0.0185404 0.00393759 0.00074306
 0.00633545   0.0429947   0.0131331   0.0715629    0.286569    0.104378    0.250272    0.200724   0.0192371  0.00403328 0.000760835
 0.00640736   0.0437109   0.0128783   0.0724581    0.284238    0.102307    0.247836    0.205306    0.019948  0.00413068 0.000779147
 0.00647948    0.044429   0.0126239   0.0733774    0.281877    0.100244    0.245371    0.209897   0.0206731  0.00422977 0.000798007
 0.00655178   0.0451486   0.0123704   0.0743199    0.279484   0.0981901    0.242878    0.214496   0.0214123  0.00433056 0.000817427
 0.00662426   0.0458696   0.0121179   0.0752847    0.277063   0.0961462    0.240358    0.219101   0.0221656  0.00443305 0.000837417
  0.0066969   0.0465917   0.0118666   0.0762707    0.274613   0.0941141     0.23781    0.223709    0.022933  0.00453724 0.000857989
  0.0067697   0.0473146   0.0116169   0.0772772    0.272136   0.0920954    0.235236    0.228318   0.0237144  0.00464314 0.000879154
 0.00684264   0.0480381    0.011369   0.0783032    0.269633   0.0900912    0.232635    0.232927   0.0245098  0.00475073 0.000900923
 0.00691571   0.0487619   0.0111232   0.0793477    0.267104   0.0881032    0.230009    0.237533   0.0253191  0.00486003 0.000923308
 0.00698889   0.0494858   0.0108796   0.0804099    0.264552   0.0861325    0.227358    0.242134   0.0261422  0.00497102 0.000946319
 0.00706219   0.0502095   0.0106386   0.0814889    0.261976   0.0841805    0.224683    0.246728   0.0269792  0.00508372 0.000969969
 0.00713557   0.0509327   0.0104004   0.0825835    0.259379   0.0822484    0.221984    0.251314   0.0278298   0.0051981 0.000994269
0.00720903  0.0516553  0.0101653  0.0836931    0.25676  0.0803374   0.219263   0.255889   0.028694 0.00531418 0.00101923
0.00728257  0.0523768 0.00993359  0.0848165   0.254122  0.0784488   0.216519   0.260452  0.0295717 0.00543194 0.00104486
0.00735615  0.0530971 0.00970546  0.0859529   0.251466  0.0765836   0.213754   0.264999  0.0304629 0.00555139 0.00107118
0.00742978  0.0538159 0.00948121  0.0871014   0.248792   0.074743   0.210969    0.26953  0.0313674 0.00567252  0.0010982
0.00750344  0.0545329  0.0092611   0.088261   0.246101  0.0729279   0.208163   0.274043  0.0322851 0.00579532 0.00112592
0.00757712  0.0552478  0.0090454  0.0894308   0.243396  0.0711394   0.205339   0.278534   0.033216 0.00591978 0.00115436
 0.0076508  0.0559603 0.00883437  0.0906099   0.240676  0.0693785   0.202497   0.283003  0.0341598 0.00604591 0.00118353
0.00772447  0.0566702 0.00862829  0.0917973   0.237944   0.067646   0.199638   0.287448  0.0351165 0.00617369 0.00121344
0.00779812  0.0573771  0.0084274  0.0929921   0.235199  0.0659428   0.196763   0.291866  0.0360859 0.00630311 0.00124411
0.00787173  0.0580809 0.00823199  0.0941934   0.232444  0.0642698   0.193873   0.296257   0.037068 0.00643417 0.00127554
 0.0079453  0.0587811 0.00804232  0.0954004    0.22968  0.0626276   0.190969   0.300617  0.0380625 0.00656686 0.00130775
 0.0080188  0.0594775 0.00785864   0.096612   0.226908  0.0610171   0.188052   0.304945  0.0390693 0.00670117 0.00134075
0.00809222  0.0601699 0.00768122  0.0978275   0.224128  0.0594389   0.185123   0.309239  0.0400883 0.00683708 0.00137454
0.00816556  0.0608579 0.00751033  0.0990459   0.221342  0.0578936   0.182183   0.313498  0.0411193  0.0069746 0.00140915
0.00823879  0.0615412 0.00734622   0.100266   0.218551  0.0563819   0.179234    0.31772  0.0421622  0.0071137 0.00144458
 0.0083119  0.0622196 0.00718915   0.101488   0.215757  0.0549042   0.176276   0.321902  0.0432167 0.00725437 0.00148084
0.00838489  0.0628928 0.00703938    0.10271   0.212961  0.0534609    0.17331   0.326044  0.0442828 0.00739661 0.00151795
0.00845773  0.0635604 0.00689717   0.103931   0.210163  0.0520527   0.170338   0.330143  0.0453602  0.0075404 0.00155592
 0.0047765  0.0285333  0.0185493  0.0645147   0.318557   0.138166   0.305145   0.110915 0.00786739 0.00250992 0.00046668
 0.00484061   0.0291627   0.0183356   0.0646794    0.317076    0.136336    0.303389    0.114831  0.00829921  0.00257539 0.000475597
 0.00490512   0.0297978    0.018118   0.0648841    0.315549    0.134479      0.3016    0.118795  0.00874475  0.00264243 0.000484845
 0.00497003   0.0304388   0.0178964   0.0651282    0.313974    0.132599    0.299777    0.122807  0.00920408  0.00271106 0.000494435
 0.00503531   0.0310853   0.0176712    0.065411    0.312354    0.130697     0.29792    0.126863  0.00967729  0.00278128 0.000504376
 0.00510098   0.0317372   0.0174425    0.065732    0.310689    0.128774     0.29603    0.130963   0.0101645  0.00285311 0.000514677
 0.00516701   0.0323944   0.0172104   0.0660904    0.308978    0.126832    0.294105    0.135105   0.0106657  0.00292655 0.000525347
 0.00523341   0.0330567   0.0169752   0.0664855    0.307224    0.124874    0.292147    0.139286   0.0111809  0.00300162 0.000536396
 0.00530015    0.033724   0.0167371   0.0669165    0.305427      0.1229    0.290154    0.143505   0.0117104  0.00307831 0.000547834
 0.00536725    0.034396   0.0164961   0.0673829    0.303587    0.120913    0.288127    0.147761    0.012254  0.00315665 0.000559671
 0.00543468   0.0350727   0.0162526   0.0678838    0.301706    0.118914    0.286065     0.15205   0.0128119  0.00323664 0.000571916
 0.00550244   0.0357537   0.0160067   0.0684185    0.299784    0.116906     0.28397    0.156372   0.0133841  0.00331829 0.000584579
 0.00557051    0.036439   0.0157586   0.0689862    0.297822    0.114889     0.28184    0.160725   0.0139707   0.0034016 0.000597671
  0.0056389   0.0371283   0.0155086   0.0695861    0.295821    0.112866    0.279676    0.165106   0.0145716  0.00348659 0.000611202
 0.00570759   0.0378215   0.0152568   0.0702174    0.293781    0.110838    0.277479    0.169513   0.0151869  0.00357325 0.000625182
 0.00577657   0.0385183   0.0150035   0.0708793    0.291704    0.108808    0.275247    0.173945   0.0158166   0.0036616 0.000639622
 0.00584583   0.0392186   0.0147488   0.0715711    0.289591    0.106776    0.272982      0.1784   0.0164607  0.00375164 0.000654531
 0.00591537   0.0399221    0.014493   0.0722917    0.287442    0.104744    0.270684    0.182875   0.0171193  0.00384337 0.000669921
 0.00598517   0.0406286   0.0142364   0.0730405    0.285258    0.102715    0.268352    0.187369   0.0177923   0.0039368 0.000685802
 0.00605522   0.0413379   0.0139791   0.0738166    0.283041    0.100689    0.265988    0.191879   0.0184798  0.00403193 0.000702184
0.00612551  0.0420498  0.0137214   0.074619   0.280791  0.0986685   0.263591   0.196404  0.0191817 0.00412877 0.00071908
 0.00619604    0.042764   0.0134635    0.075447    0.278508   0.0966548    0.261162    0.200942    0.019898  0.00422732 0.000736498
 0.00626679   0.0434804   0.0132057   0.0762996    0.276195   0.0946495    0.258701    0.205491   0.0206287  0.00432758 0.000754451
0.00633775  0.0441987  0.0129482   0.077176   0.273853  0.0926541   0.256209   0.210048  0.0213738 0.00442955 0.00077295
 0.00640891   0.0449186   0.0126912   0.0780752    0.271481     0.09067    0.253685    0.214611   0.0221332  0.00453323 0.000792005
 0.00648026     0.04564   0.0124351   0.0789965    0.269081   0.0886988    0.251131     0.21918   0.0229069  0.00463863 0.000811627
 0.00655179   0.0463625     0.01218   0.0799388    0.266655   0.0867419    0.248548     0.22375   0.0236948  0.00474574 0.000831828
 0.00662348    0.047086   0.0119262   0.0809012    0.264203   0.0848005    0.245934    0.228322    0.024497  0.00485457 0.000852619
 0.00669534   0.0478101   0.0116739    0.081883    0.261726   0.0828762    0.243292    0.232891   0.0253132  0.00496511 0.000874012
 0.00676734   0.0485347   0.0114234    0.082883    0.259225   0.0809701    0.240622    0.237458   0.0261436  0.00507736 0.000896017
 0.00683947   0.0492594   0.0111751   0.0839005    0.256702   0.0790837    0.237924    0.242018    0.026988  0.00519132 0.000918645
 0.00691173    0.049984    0.010929   0.0849345    0.254157    0.077218    0.235199    0.246572   0.0278462  0.00530698 0.000941909
0.00698409  0.0507083  0.0106855  0.0859841   0.251592  0.0753743   0.232448   0.251115  0.0287184 0.00542435 0.00096582
 0.00705656    0.051432   0.0104449   0.0870483    0.249007   0.0735538    0.229672    0.255647   0.0296043  0.00554341 0.000990388
0.00712911  0.0521548  0.0102074  0.0881263   0.246405  0.0717576   0.226871   0.260166  0.0305038 0.00566417 0.00101563
0.00720174  0.0528764 0.00997328  0.0892171   0.243785  0.0699867   0.224046   0.264669  0.0314169 0.00578661 0.00104155
0.00727443  0.0535965  0.0097428  0.0903199   0.241149  0.0682422   0.221198   0.269155  0.0323435 0.00591074 0.00106816
0.00734717   0.054315 0.00951624  0.0914336   0.238498   0.066525   0.218327   0.273622  0.0332834 0.00603655 0.00109547
0.00741995  0.0550315 0.00929385  0.0925573   0.235834  0.0648361   0.215436   0.278067  0.0342365 0.00616403  0.0011235
0.00749275  0.0557457 0.00907591  0.0936902   0.233157  0.0631764   0.212524   0.282489  0.0352028 0.00629316 0.00115226
0.00756557  0.0564574 0.00886268  0.0948314   0.230469  0.0615466   0.209594   0.286886   0.036182 0.00642396 0.00118176
0.00763839  0.0571662 0.00865444  0.0959799    0.22777  0.0599477   0.206644   0.291257  0.0371741 0.00655639 0.00121201
 0.0077112  0.0578719 0.00845144  0.0971349   0.225062  0.0583803   0.203678   0.295598  0.0381788 0.00669047 0.00124302
0.00778398  0.0585742 0.00825395  0.0982954   0.222346  0.0568452   0.200695   0.299909  0.0391962 0.00682617  0.0012748
0.00785673  0.0592728 0.00806224  0.0994605   0.219624  0.0553429   0.197697   0.304187  0.0402259 0.00696348 0.00130736
0.00792942  0.0599674 0.00787657   0.100629   0.216895  0.0538742   0.194685   0.308431  0.0412679  0.0071024 0.00134073
0.00800205  0.0606578 0.00769722   0.101801   0.214162  0.0524395   0.191661    0.31264  0.0423219 0.00724292  0.0013749
0.00807461  0.0613436 0.00752443   0.102975   0.211426  0.0510394   0.188624    0.31681  0.0433879 0.00738501 0.00140988
0.00814708  0.0620245 0.00735847    0.10415   0.208688  0.0496743   0.185577   0.320941  0.0444656 0.00752868  0.0014457
0.00821944  0.0627003 0.00719961   0.105325   0.205948  0.0483446   0.182521   0.325031  0.0455549 0.00767389 0.00148236
0.00829169  0.0633707 0.00704809     0.1065   0.203208  0.0470507   0.179456   0.329078  0.0466556 0.00782065 0.00151987
  0.0046648   0.0283167   0.0188811   0.0693318     0.31014    0.129955    0.315967     0.11146  0.00818131   0.0026523 0.000449295
 0.00472762   0.0289445    0.018669   0.0694609    0.308649    0.128132     0.31425    0.115361  0.00862829  0.00272026 0.000457907
 0.00479084   0.0295782   0.0184528   0.0696295    0.307113    0.126285    0.312496    0.119308  0.00908923  0.00278981 0.000466848
 0.00485445   0.0302177   0.0182326    0.069837     0.30553    0.124418    0.310706    0.123302  0.00956423  0.00286097 0.000476128
 0.00491846   0.0308629   0.0180084   0.0700827    0.303903    0.122532    0.308879     0.12734   0.0100534  0.00293375 0.000485756
 0.00498284   0.0315135   0.0177806    0.070366    0.302233    0.120628    0.307015     0.13142   0.0105567  0.00300816 0.000495741
 0.00504759   0.0321695   0.0175493   0.0706863    0.300519    0.118709    0.305114    0.135541   0.0110743   0.0030842 0.000506092
0.00511271  0.0328307  0.0173145  0.0710427   0.298762   0.116776   0.303176   0.139701  0.0116062 0.00316189 0.00051682
 0.00517819   0.0334969   0.0170766   0.0714347    0.296964     0.11483      0.3012    0.143897   0.0121526  0.00324124 0.000527934
 0.00524401    0.034168   0.0168358   0.0718615    0.295125    0.112875    0.299187    0.148129   0.0127133  0.00332225 0.000539443
 0.00531018   0.0348437   0.0165921   0.0723224    0.293246     0.11091    0.297137    0.152393   0.0132886  0.00340493 0.000551358
 0.00537668   0.0355239   0.0163458   0.0728167    0.291327    0.108939     0.29505    0.156689   0.0138784  0.00348929 0.000563689
 0.00544351   0.0362084   0.0160972   0.0733435     0.28937    0.106962    0.292926    0.161014   0.0144828  0.00357534 0.000576445
 0.00551065    0.036897   0.0158464   0.0739021    0.287376    0.104982    0.290764    0.165367   0.0151017  0.00366308 0.000589637
  0.0055781   0.0375896   0.0155935   0.0744917    0.285344    0.103001    0.288566    0.169745   0.0157353  0.00375251 0.000603275
0.00564586  0.0382859  0.0153389  0.0751115   0.283277   0.101019   0.286331   0.174147  0.0163835 0.00384365 0.00061737
  0.0057139   0.0389857   0.0150828   0.0757608    0.281174   0.0990382    0.284059    0.178571   0.0170464   0.0039365 0.000631932
 0.00578222   0.0396888   0.0148253   0.0764386    0.279038   0.0970609    0.281751    0.183014   0.0177239  0.00403106 0.000646971
 0.00585081    0.040395   0.0145668   0.0771442    0.276868   0.0950884    0.279407    0.187474   0.0184161  0.00412734 0.000662499
 0.00591967   0.0411041   0.0143073   0.0778766    0.274666   0.0931222    0.277027    0.191951   0.0191229  0.00422534 0.000678525
0.00598878  0.0418159  0.0140472  0.0786352   0.272432   0.091164   0.274611   0.196441  0.0198443 0.00432506 0.00069506
 0.00605813   0.0425301   0.0137867   0.0794189    0.270169   0.0892151     0.27216    0.200943   0.0205804   0.0044265 0.000712116
 0.00612772   0.0432465   0.0135261    0.080227    0.267876   0.0872772    0.269675    0.205454    0.021331  0.00452967 0.000729704
 0.00619753   0.0439649   0.0132655   0.0810585    0.265554   0.0853517    0.267155    0.209974   0.0220962  0.00463456 0.000747833
 0.00626755   0.0446851   0.0130052   0.0819126    0.263205   0.0834401    0.264602    0.214499    0.022876  0.00474118 0.000766516
 0.00633778   0.0454068   0.0127455   0.0827884     0.26083   0.0815437    0.262015    0.219027   0.0236702  0.00484953 0.000785763
  0.0064082   0.0461297   0.0124865    0.083685     0.25843   0.0796639    0.259395    0.223558   0.0244788  0.00495961 0.000805585
  0.0064788   0.0468537   0.0122287   0.0846016    0.256005    0.077802    0.256743    0.228088   0.0253018  0.00507141 0.000825995
 0.00654958   0.0475784   0.0119722   0.0855371    0.253557   0.0759593     0.25406    0.232615   0.0261391  0.00518493 0.000847002
 0.00662051   0.0483036   0.0117172   0.0864908    0.251087   0.0741372    0.251345    0.237139   0.0269906  0.00530017 0.000868618
  0.0066916   0.0490291   0.0114641   0.0874616    0.248596   0.0723368      0.2486    0.241656   0.0278563  0.00541714 0.000890855
 0.00676282   0.0497546    0.011213   0.0884488    0.246085   0.0705592    0.245826    0.246165    0.028736  0.00553581 0.000913724
 0.00683418   0.0504799   0.0109643   0.0894513    0.243555   0.0688057    0.243023    0.250663   0.0296298   0.0056562 0.000937235
 0.00690565   0.0512046   0.0107183   0.0904684    0.241007   0.0670772    0.240192    0.255149   0.0305375  0.00577829 0.000961402
 0.00697722   0.0519285   0.0104751    0.091499    0.238443    0.065375    0.237333    0.259622   0.0314589  0.00590208 0.000986234
0.00704889  0.0526514   0.010235  0.0925423   0.235863  0.0636999   0.234449   0.264078  0.0323941 0.00602756 0.00101174
0.00712064  0.0533729 0.00999837  0.0935973   0.233268  0.0620529   0.231538   0.268516  0.0333428 0.00615473 0.00103794
0.00719247  0.0540928 0.00976541  0.0946632   0.230661  0.0604349   0.228603   0.272934  0.0343051 0.00628358 0.00106484
0.00726435  0.0548108 0.00953639  0.0957391    0.22804  0.0588469   0.225645    0.27733  0.0352806 0.00641411 0.00109245
0.00733628  0.0555267 0.00931159   0.096824   0.225409  0.0572895   0.222664   0.281702  0.0362694 0.00654629 0.00112079
0.00740825  0.0562401 0.00909127   0.097917   0.222768  0.0557637   0.219661   0.286049  0.0372712 0.00668013 0.00114986
0.00748024  0.0569507  0.0088757  0.0990174   0.220118    0.05427   0.216638   0.290369   0.038286 0.00681562 0.00117967
0.00755224  0.0576584 0.00866515   0.100124   0.217461  0.0528093   0.213595   0.294659  0.0393136 0.00695274 0.00121025
0.00762424  0.0583627 0.00845989   0.101236   0.214797  0.0513821   0.210534   0.298918  0.0403539 0.00709148 0.00124159
0.00769623  0.0590634 0.00826018   0.102353   0.212127   0.049989   0.207455   0.303144  0.0414066 0.00723184 0.00127371
 0.0077682  0.0597603  0.0080663   0.103474   0.209453  0.0486305    0.20436   0.307335  0.0424716  0.0073738 0.00130663
0.00784013  0.0604529  0.0078785   0.104597   0.206777  0.0473071   0.201251    0.31149  0.0435488 0.00751734 0.00134035
  0.007912  0.0611411 0.00769706   0.105722   0.204098  0.0460193   0.198127   0.315607   0.044638 0.00766246 0.00137488
0.00798382  0.0618246 0.00752223   0.106849   0.201418  0.0447674   0.194992   0.319685   0.045739 0.00780915 0.00141024
0.00805556   0.062503 0.00735428   0.107976   0.198739  0.0435518   0.191845    0.32372  0.0468516 0.00795737 0.00144643
0.00812722   0.063176 0.00719347   0.109102   0.196062  0.0423727   0.188688   0.327713  0.0479756 0.00810713 0.00148348
 0.00455443   0.0280982   0.0192026    0.074265    0.301426    0.121976    0.326873    0.111861  0.00851377  0.00279886 0.000431986
0.00461597  0.0287243  0.0189924  0.0743569   0.299925   0.120162   0.325195   0.115742 0.00897605 0.00286935 0.00044029
 0.00467791   0.0293565   0.0187778   0.0744877    0.298381    0.118329    0.323477     0.11967  0.00945255  0.00294146 0.000448921
 0.00474025   0.0299946   0.0185589   0.0746569    0.296792    0.116479     0.32172    0.123643  0.00994335   0.0030152 0.000457887
 0.00480298   0.0306383   0.0183359   0.0748637     0.29516    0.114612    0.319923    0.127658   0.0104485  0.00309058 0.000467198
 0.00486609   0.0312876   0.0181091   0.0751077    0.293486     0.11273    0.318086    0.131715   0.0109682  0.00316761 0.000476864
 0.00492957   0.0319424   0.0178785    0.075388     0.29177    0.110836    0.316208    0.135812   0.0115023  0.00324631 0.000486893
 0.00499343   0.0326023   0.0176444   0.0757041    0.290013    0.108931    0.314291    0.139946   0.0120511  0.00332667 0.000497295
 0.00505764   0.0332674   0.0174069   0.0760553    0.288216    0.107017    0.312333    0.144116   0.0126144  0.00340871 0.000508081
 0.00512221   0.0339374   0.0171662   0.0764407    0.286379    0.105095    0.310335     0.14832   0.0131925  0.00349244 0.000519259
0.00518712  0.0346121  0.0169225  0.0768598   0.284504   0.103168   0.308297   0.152556  0.0137852 0.00357786 0.00053084
 0.00525238   0.0352914    0.016676   0.0773118    0.282591    0.101237    0.306218    0.156822   0.0143928  0.00366498 0.000542833
 0.00531796    0.035975   0.0164268   0.0777959    0.280641    0.099303    0.304099    0.161117   0.0150151   0.0037538 0.000555249
 0.00538387   0.0366629   0.0161753   0.0783114    0.278655   0.0973687    0.301941    0.165438   0.0156523  0.00384434 0.000568098
 0.00545009   0.0373547   0.0159216   0.0788575    0.276633   0.0954353    0.299742    0.169783   0.0163043   0.0039366 0.000581389
 0.00551662   0.0380504   0.0156658   0.0794334    0.274577   0.0935047    0.297503    0.174152   0.0169711  0.00403058 0.000595134
 0.00558345   0.0387497   0.0154083   0.0800383    0.272488   0.0915782    0.295225    0.178541   0.0176528  0.00412628 0.000609343
 0.00565057   0.0394523   0.0151493   0.0806714    0.270366   0.0896577    0.292907    0.182948   0.0183494  0.00422372 0.000624026
 0.00571796   0.0401582   0.0148889   0.0813318    0.268213   0.0877446    0.290551    0.187372   0.0190608  0.00432288 0.000639194
 0.00578563    0.040867   0.0146274   0.0820189    0.266028   0.0858404    0.288155    0.191811   0.0197871  0.00442379 0.000654858
 0.00585357   0.0415786    0.014365   0.0827316    0.263814   0.0839468    0.285721    0.196263   0.0205283  0.00452643 0.000671028
 0.00592175   0.0422927    0.014102   0.0834692    0.261572   0.0820651    0.283249    0.200726   0.0212842  0.00463081 0.000687715
 0.00599019   0.0430091   0.0138386   0.0842308    0.259301   0.0801968     0.28074    0.205197   0.0220549  0.00473693 0.000704929
 0.00605885   0.0437276    0.013575   0.0850156    0.257004   0.0783434    0.278193    0.209675   0.0228404  0.00484479 0.000722683
 0.00612775   0.0444479   0.0133115   0.0858227     0.25468   0.0765062    0.275609    0.214158   0.0236405   0.0049544 0.000740987
 0.00619686   0.0451698   0.0130483   0.0866512    0.252332   0.0746867     0.27299    0.218644   0.0244553  0.00506574 0.000759851
 0.00626617   0.0458931   0.0127857   0.0875002    0.249961    0.072886    0.270334    0.223131   0.0252847  0.00517882 0.000779287
 0.00633569   0.0466174   0.0125239   0.0883689    0.247566   0.0711055    0.267644    0.227617   0.0261287  0.00529363 0.000799307
 0.00640539   0.0473427   0.0122632   0.0892564     0.24515   0.0693464    0.264919    0.232099   0.0269871  0.00541018 0.000819921
 0.00647526   0.0480685   0.0120038   0.0901617    0.242714   0.0676099    0.262161    0.236577   0.0278599  0.00552846 0.000841141
  0.0065453   0.0487948    0.011746   0.0910841    0.240257   0.0658973    0.259369    0.241047    0.028747  0.00564847 0.000862977
  0.0066155   0.0495211   0.0114901   0.0920225    0.237783   0.0642095    0.256546    0.245509   0.0296484  0.00577019 0.000885442
 0.00668584   0.0502472   0.0112363   0.0929761    0.235291   0.0625476    0.253691    0.249959   0.0305639  0.00589364 0.000908546
 0.00675632   0.0509729   0.0109848   0.0939441    0.232783   0.0609128    0.250805    0.254397   0.0314935  0.00601879 0.000932301
 0.00682692   0.0516979    0.010736   0.0949254    0.230259    0.059306    0.247889    0.258819    0.032437  0.00614565 0.000956718
0.00689764   0.052422  0.0104901  0.0959193   0.227722   0.057728   0.244945   0.263226  0.0333943 0.00627421 0.00098181
0.00696845  0.0531448  0.0102474  0.0969248   0.225172  0.0561799   0.241973   0.267613  0.0343653 0.00640446 0.00100759
0.00703936  0.0538661  0.0100081  0.0979411    0.22261  0.0546624   0.238973    0.27198  0.0353499 0.00653639 0.00103406
0.00711035  0.0545856 0.00977257  0.0989672   0.220037  0.0531764   0.235948   0.276324   0.036348 0.00666999 0.00106124
0.00718141   0.055303 0.00954098   0.100002   0.217455  0.0517226   0.232897   0.280644  0.0373593 0.00680526 0.00108914
0.00725252   0.056018 0.00931364   0.101045   0.214864  0.0503017   0.229823   0.284938  0.0383839 0.00694219 0.00111777
0.00732369  0.0567305 0.00909082   0.102096   0.212266  0.0489143   0.226725   0.289204  0.0394215 0.00708075 0.00114714
0.00739488    0.05744 0.00887278   0.103152   0.209662  0.0475611   0.223606   0.293441   0.040472 0.00722096 0.00117727
0.00746611  0.0581463 0.00865981   0.104214   0.207053  0.0462427   0.220467   0.297645  0.0415353 0.00736278 0.00120816
0.00753734  0.0588491 0.00845216   0.105281   0.204439  0.0449595   0.217308   0.301817   0.042611 0.00750621 0.00123983
0.00760857  0.0595481 0.00825012   0.106351   0.201824  0.0437119    0.21413   0.305953  0.0436992 0.00765123 0.00127228
 0.0076798   0.060243 0.00805393   0.107424   0.199206  0.0425005   0.210936   0.310053  0.0447996 0.00779784 0.00130554
  0.007751  0.0609336 0.00786388     0.1085   0.196588  0.0413255   0.207726   0.314114  0.0459121 0.00794601  0.0013396
0.00782216  0.0616195 0.00768023   0.109576   0.193971  0.0401873   0.204502   0.318135  0.0470364 0.00809574 0.00137449
0.00789328  0.0623005 0.00750323   0.110653   0.191355  0.0390861   0.201264   0.322115  0.0481724 0.00824701 0.00141021
0.00796434  0.0629762 0.00733317   0.111729   0.188743  0.0380222   0.198015   0.326051  0.0493199 0.00839979 0.00144677
 0.00444541   0.0278777   0.0195132   0.0793044    0.292434    0.114235    0.337846    0.112116  0.00886479  0.00294958 0.000414772
 0.00450568   0.0285022   0.0193048   0.0793574    0.290926    0.112435    0.336207    0.115974  0.00934252  0.00302265 0.000422765
 0.00456636   0.0291327   0.0190919   0.0794487    0.289375    0.110618    0.334525    0.119879  0.00983472  0.00309736 0.000431083
 0.00462743   0.0297692   0.0188745   0.0795779    0.287781    0.108787    0.332801    0.123827   0.0103415  0.00317373 0.000439733
  0.0046889   0.0304115   0.0186528   0.0797442    0.286146    0.106942    0.331034    0.127817   0.0108629  0.00325176 0.000448724
 0.00475075   0.0310593   0.0184271    0.079947     0.28447    0.105086    0.329224    0.131847   0.0113989  0.00333146 0.000458067
 0.00481297   0.0317127   0.0181974   0.0801857    0.282754     0.10322    0.327371    0.135916   0.0119498  0.00341285 0.000467771
 0.00487557   0.0323714    0.017964   0.0804597    0.280999    0.101346    0.325475    0.140021   0.0125154  0.00349594 0.000477845
 0.00493853   0.0330352    0.017727   0.0807682    0.279204   0.0994661    0.323535    0.144161    0.013096  0.00358072 0.000488298
 0.00500185   0.0337041   0.0174865   0.0811106    0.277372   0.0975814    0.321552    0.148334   0.0136914  0.00366721 0.000499141
 0.00506552   0.0343777   0.0172429   0.0814861    0.275503   0.0956939    0.319526    0.152538   0.0143018  0.00375541 0.000510384
 0.00512954    0.035056   0.0169962    0.081894    0.273597   0.0938052    0.317456    0.156771   0.0149272  0.00384534 0.000522036
 0.00519389   0.0357387   0.0167467   0.0823336    0.271656    0.091917    0.315343    0.161032   0.0155677  0.00393699 0.000534107
 0.00525857   0.0364257   0.0164946   0.0828041    0.269681    0.090031    0.313187    0.165318   0.0162232  0.00403037 0.000546607
 0.00532357   0.0371168   0.0162401   0.0833049    0.267672   0.0881487    0.310988    0.169627   0.0168937  0.00412549 0.000559548
 0.00538889   0.0378118   0.0159833    0.083835     0.26563   0.0862718    0.308746    0.173959   0.0175793  0.00422235 0.000572938
 0.00545451   0.0385104   0.0157246   0.0843937    0.263556   0.0844019    0.306462     0.17831     0.01828  0.00432096 0.000586789
 0.00552043   0.0392126   0.0154641   0.0849802    0.261451   0.0825405    0.304135    0.182678   0.0189958  0.00442131 0.000601111
 0.00558664    0.039918    0.015202   0.0855938    0.259316   0.0806891    0.301766    0.187063   0.0197266  0.00452341 0.000615914
 0.00565313   0.0406264   0.0149385   0.0862335    0.257152   0.0788493    0.299355    0.191461   0.0204725  0.00462727 0.000631209
 0.00571989   0.0413377    0.014674   0.0868986     0.25496   0.0770225    0.296903    0.195871   0.0212334  0.00473288 0.000647008
 0.00578692   0.0420516   0.0144086   0.0875882     0.25274   0.0752102     0.29441    0.200291   0.0220093  0.00484024 0.000663319
 0.00585421   0.0427679   0.0141425   0.0883015    0.250494   0.0734137    0.291876    0.204719   0.0228002  0.00494936 0.000680155
 0.00592174   0.0434864   0.0138761   0.0890377    0.248224   0.0716345    0.289303    0.209154    0.023606  0.00506023 0.000697527
 0.00598951   0.0442068   0.0136095   0.0897959    0.245929   0.0698738    0.286689    0.213592   0.0244267  0.00517285 0.000715444
  0.0060575   0.0449288   0.0133429   0.0905752     0.24361    0.068133    0.284037    0.218032   0.0252623  0.00528723 0.000733919
 0.00612572   0.0456524   0.0130768   0.0913748     0.24127   0.0664133    0.281346    0.222472   0.0261126  0.00540335 0.000752962
 0.00619415   0.0463771   0.0128111   0.0921938    0.238908    0.064716    0.278618     0.22691   0.0269776  0.00552122 0.000772585
 0.00626278   0.0471028   0.0125464   0.0930313    0.236527   0.0630423    0.275852    0.231344   0.0278572  0.00564084 0.000792798
  0.0063316   0.0478292   0.0122827   0.0938864    0.234126   0.0613932     0.27305    0.235773   0.0287514  0.00576219 0.000813613
  0.0064006    0.048556   0.0120204   0.0947584    0.231708   0.0597699    0.270212    0.240194   0.0296601  0.00588528 0.000835041
 0.00646978   0.0492831   0.0117597   0.0956463    0.229273   0.0581734    0.267339    0.244605   0.0305832   0.0060101 0.000857094
 0.00653911     0.05001   0.0115008   0.0965491    0.226822   0.0566048    0.264433    0.249005   0.0315205  0.00613664 0.000879781
  0.0066086   0.0507367   0.0112441   0.0974661    0.224356    0.055065    0.261493    0.253391    0.032472  0.00626489 0.000903116
 0.00667823   0.0514627   0.0109898   0.0983964    0.221877   0.0535549     0.25852    0.257761   0.0334376  0.00639486 0.000927109
 0.00674799   0.0521879   0.0107382   0.0993391    0.219385   0.0520755    0.255516    0.262115   0.0344172  0.00652653 0.000951772
 0.00681788   0.0529119   0.0104895    0.100293    0.216882   0.0506274    0.252482    0.266449   0.0354106  0.00665989 0.000977116
0.00688787  0.0536345   0.010244   0.101258   0.214369  0.0492116   0.249418   0.270762  0.0364177 0.00679494 0.00100315
0.00695797  0.0543554   0.010002   0.102232   0.211846  0.0478287   0.246326   0.275052  0.0374383 0.00693166 0.00102989
0.00702816  0.0550743 0.00976368   0.103216   0.209316  0.0464794   0.243206   0.279317  0.0384724 0.00707005 0.00105735
0.00709842   0.055791 0.00952941   0.104207   0.206778  0.0451643    0.24006   0.283556  0.0395198 0.00721008 0.00108553
0.00716876  0.0565052 0.00929943   0.105206   0.204235  0.0438842   0.236889   0.287766  0.0405803 0.00735177 0.00111445
0.00723915  0.0572165   0.009074    0.10621   0.201688  0.0426393   0.233694   0.291946  0.0416538 0.00749508 0.00114412
0.00730959  0.0579247  0.0088534   0.107221   0.199136  0.0414304   0.230476   0.296094  0.0427401 0.00764001 0.00117454
0.00738007  0.0586295 0.00863791   0.108235   0.196583  0.0402577   0.227237   0.300209   0.043839 0.00778654 0.00120575
0.00745057  0.0593307 0.00842778   0.109254   0.194028  0.0391217   0.223977   0.304288  0.0449504 0.00793466 0.00123773
0.00752109  0.0600278 0.00822328   0.110275   0.191473  0.0380227   0.220698    0.30833  0.0460741 0.00808436 0.00127051
0.00759161  0.0607207  0.0080247   0.111298   0.188919   0.036961   0.217402   0.312333  0.0472099 0.00823562 0.00130409
0.00766212  0.0614091 0.00783229   0.112323   0.186367  0.0359368   0.214089   0.316297  0.0483577 0.00838842 0.00133849
0.00773261  0.0620926 0.00764633   0.113348   0.183818  0.0349504   0.210761   0.320218  0.0495171 0.00854275 0.00137372
0.00780307  0.0627709 0.00746708   0.114373   0.181273  0.0340018   0.207419   0.324095   0.050688 0.00869859 0.00140979
 0.00433776   0.0276551   0.0198119   0.0844397    0.283188    0.106738    0.348868    0.112225   0.0092344  0.00310447 0.000397671
 0.00439678   0.0282778   0.0196055   0.0844521    0.281674    0.104955    0.347268    0.116058  0.00972771  0.00318016 0.000405352
  0.0044562   0.0289067   0.0193943   0.0845023    0.280118    0.103158    0.345623    0.119935   0.0102357  0.00325751 0.000413353
 0.00451602   0.0295415   0.0191785   0.0845897    0.278522    0.101349    0.343932    0.123855   0.0107586  0.00333655 0.000421685
 0.00457623   0.0301822   0.0189583   0.0847137    0.276885   0.0995291    0.342196    0.127816   0.0112963  0.00341728 0.000430354
 0.00463683   0.0308286   0.0187337   0.0848738    0.275209   0.0977011    0.340413    0.131815    0.011849  0.00349971 0.000439372
