 0.0344869  0.0306982  0.0758018    0.11412   0.119451  0.0678526   0.245688  0.0674417   0.226306  0.0138443 0.00430903
0.0345491 0.0306419 0.0755818  0.113824  0.120733 0.0671376  0.245337 0.0676265  0.226408 0.0138646 0.0042961
 0.0346115   0.030586  0.0753601   0.113527   0.122022  0.0664269   0.244978  0.0678108   0.226509  0.0138848 0.00428317
 0.0346738  0.0305305  0.0751368   0.113228    0.12332  0.0657205    0.24461  0.0679946   0.226611  0.0139051 0.00427024
 0.0347362  0.0304754  0.0749117   0.112929   0.124625  0.0650184   0.244233  0.0681777   0.226711  0.0139253 0.00425732
 0.0347986  0.0304206  0.0746851   0.112629   0.125937  0.0643207   0.243847  0.0683603   0.226812  0.0139455 0.00424439
  0.034861  0.0303662  0.0744567   0.112327   0.127257  0.0636274   0.243453  0.0685422   0.226912  0.0139656 0.00423147
 0.0349235  0.0303122  0.0742268   0.112025   0.128584  0.0629384    0.24305  0.0687236   0.227012  0.0139857 0.00421855
  0.034986  0.0302586  0.0739952   0.111721   0.129919  0.0622539   0.242638  0.0689043   0.227112  0.0140057 0.00420563
 0.0350485  0.0302054   0.073762   0.111417   0.131261  0.0615738   0.242218  0.0690844   0.227211  0.0140258 0.00419272
0.0351111 0.0301526 0.0735272  0.111111  0.132611 0.0608981  0.241789 0.0692638   0.22731 0.0140457 0.0041798
0.0351737 0.0301001 0.0732908  0.110805  0.133968  0.060227  0.241352 0.0694426  0.227409 0.0140657 0.0041669
 0.0352363  0.0300481  0.0730529   0.110497   0.135332  0.0595603   0.240905  0.0696207   0.227508  0.0140856 0.00415399
 0.0352989  0.0299965  0.0728134   0.110188   0.136703  0.0588982   0.240451  0.0697982   0.227606  0.0141055 0.00414109
 0.0353615  0.0299452  0.0725723   0.109879   0.138081  0.0582406   0.239988  0.0699749   0.227704  0.0141253 0.00412819
 0.0354242  0.0298944  0.0723298   0.109568   0.139467  0.0575875   0.239516   0.070151   0.227802  0.0141451 0.00411529
0.0354869 0.0298439 0.0720857  0.109256  0.140859  0.056939  0.239036 0.0703264    0.2279 0.0141648 0.0041024
 0.0355497  0.0297939  0.0718401   0.108943   0.142259  0.0562951   0.238547   0.070501   0.227997  0.0141845 0.00408952
 0.0356124  0.0297442   0.071593   0.108629   0.143665  0.0556558    0.23805  0.0706749   0.228095  0.0142042 0.00407664
 0.0356752   0.029695  0.0713444   0.108315   0.145078  0.0550212   0.237545  0.0708481   0.228192  0.0142238 0.00406376
  0.035738  0.0296462  0.0710944   0.107999   0.146498  0.0543912   0.237031  0.0710206   0.228288  0.0142434 0.00405089
 0.0358008  0.0295977  0.0708429   0.107682   0.147924  0.0537658   0.236509  0.0711923   0.228385  0.0142629 0.00403802
 0.0358636  0.0295497    0.07059   0.107364   0.149357  0.0531451   0.235978  0.0713633   0.228481  0.0142824 0.00402516
0.0359265 0.0295021 0.0703356  0.107046  0.150797 0.0525291  0.235439 0.0715335  0.228578 0.0143018 0.0040123
 0.0359893  0.0294549  0.0700799   0.106726   0.152243  0.0519178   0.234892  0.0717029   0.228673  0.0143212 0.00399945
0.0360522 0.0294081 0.0698227  0.106405  0.153695 0.0513113  0.234337 0.0718715  0.228769 0.0143406 0.0039866
 0.0361151  0.0293617  0.0695642   0.106083   0.155154  0.0507095   0.233774  0.0720393   0.228865  0.0143599 0.00397376
  0.036178  0.0293157  0.0693043   0.105761    0.15662  0.0501124   0.233202  0.0722064    0.22896  0.0143792 0.00396093
0.0362409 0.0292702 0.0690431  0.105437  0.158091 0.0495201  0.232623 0.0723726  0.229056 0.0143984 0.0039481
 0.0363039   0.029225  0.0687805   0.105113   0.159569  0.0489325   0.232035   0.072538   0.229151  0.0144176 0.00393528
 0.0363668  0.0291803  0.0685167   0.104787   0.161053  0.0483498   0.231439  0.0727025   0.229245  0.0144367 0.00392246
 0.0364298  0.0291359  0.0682515   0.104461   0.162543  0.0477718   0.230836  0.0728663    0.22934  0.0144558 0.00390966
 0.0364928   0.029092   0.067985   0.104133   0.164038  0.0471987   0.230224  0.0730291   0.229435  0.0144748 0.00389685
 0.0365558  0.0290485  0.0677173   0.103805    0.16554  0.0466303   0.229605  0.0731912   0.229529  0.0144938 0.00388406
 0.0366188  0.0290054  0.0674483   0.103476   0.167048  0.0460669   0.228977  0.0733523   0.229624  0.0145127 0.00387127
 0.0366818  0.0289628  0.0671781   0.103146   0.168561  0.0455082   0.228342  0.0735126   0.229718  0.0145316 0.00385849
 0.0367448  0.0289205  0.0669067   0.102815    0.17008  0.0449545   0.227699   0.073672   0.229812  0.0145505 0.00384572
 0.0368079  0.0288786   0.066634   0.102483   0.171604  0.0444055   0.227048  0.0738305   0.229906  0.0145693 0.00383296
0.0368709 0.0288372 0.0663602   0.10215  0.173134 0.0438615   0.22639 0.0739882  0.229999  0.014588 0.0038202
 0.0369339  0.0287962  0.0660852   0.101816    0.17467  0.0433224   0.225724  0.0741449   0.230093  0.0146067 0.00380746
  0.036997  0.0287556  0.0658091   0.101482   0.176211  0.0427881    0.22505  0.0743007   0.230187  0.0146254 0.00379472
 0.0370601  0.0287154  0.0655318   0.101146   0.177757  0.0422588   0.224369  0.0744555    0.23028   0.014644 0.00378199
 0.0371231  0.0286756  0.0652534    0.10081   0.179309  0.0417344    0.22368  0.0746095   0.230373  0.0146625 0.00376927
 0.0371862  0.0286363  0.0649739   0.100473   0.180865  0.0412149   0.222984  0.0747625   0.230467   0.014681 0.00375655
 0.0372493  0.0285973  0.0646933   0.100134   0.182427  0.0407003   0.222281  0.0749146    0.23056  0.0146994 0.00374385
 0.0373123  0.0285588  0.0644116  0.0997955   0.183994  0.0401907    0.22157  0.0750657   0.230653  0.0147178 0.00373116
 0.0373754  0.0285207  0.0641289  0.0994556   0.185566   0.039686   0.220852  0.0752159   0.230746  0.0147362 0.00371847
0.0374385 0.0284829 0.0638452  0.099115  0.187142 0.0391863  0.220126  0.075365  0.230839 0.0147545 0.0037058
 0.0375016  0.0284456  0.0635604  0.0987735   0.188723  0.0386915   0.219393  0.0755132   0.230932  0.0147727 0.00369313
 0.0375647  0.0284088  0.0632747  0.0984312   0.190309  0.0382017   0.218654  0.0756605   0.231024  0.0147909 0.00368048
 0.0376277  0.0283723  0.0629879  0.0980881     0.1919  0.0377169   0.217907  0.0758067   0.231117   0.014809 0.00366783
0.0376908 0.0283362 0.0627002 0.0977441  0.193495  0.037237  0.217153  0.075952   0.23121 0.0148271 0.0036552
 0.0377539  0.0283006  0.0624116  0.0973994   0.195094  0.0367621   0.216392  0.0760962   0.231302  0.0148451 0.00364257
  0.037817  0.0282653  0.0621221  0.0970539   0.196698  0.0362922   0.215624  0.0762394   0.231395  0.0148631 0.00362996
   0.03788  0.0282305  0.0618316  0.0967075   0.198306  0.0358273    0.21485  0.0763816   0.231487   0.014881 0.00361735
 0.0379431   0.028196  0.0615402  0.0963604   0.199918  0.0353674   0.214068  0.0765228    0.23158  0.0148988 0.00360476
 0.0380062   0.028162   0.061248  0.0960125   0.201535  0.0349125    0.21328  0.0766629   0.231672  0.0149166 0.00359218
 0.0380692  0.0281284   0.060955  0.0956638   0.203155  0.0344626   0.212485   0.076802   0.231765  0.0149344 0.00357961
 0.0381323  0.0280952  0.0606611  0.0953144    0.20478  0.0340178   0.211683  0.0769401   0.231857  0.0149521 0.00356705
 0.0381953  0.0280624  0.0603664  0.0949642   0.206408  0.0335779   0.210875  0.0770771    0.23195  0.0149697 0.00355451
 0.0382583  0.0280299  0.0600709  0.0946133    0.20804   0.033143   0.210061   0.077213   0.232042  0.0149873 0.00354197
 0.0383214  0.0279979  0.0597746  0.0942616   0.209675  0.0327132   0.209239  0.0773479   0.232135  0.0150048 0.00352945
 0.0383844  0.0279663  0.0594776  0.0939092   0.211314  0.0322883   0.208412  0.0774817   0.232227  0.0150223 0.00351694
 0.0384474  0.0279351  0.0591798  0.0935561   0.212957  0.0318685   0.207578  0.0776144   0.232319  0.0150397 0.00350444
 0.0385104  0.0279043  0.0588813  0.0932022   0.214603  0.0314537   0.206738   0.077746   0.232412   0.015057 0.00349195
 0.0385734  0.0278739  0.0585821  0.0928477   0.216252  0.0310439   0.205892  0.0778765   0.232504  0.0150743 0.00347948
 0.0386364  0.0278439  0.0582822  0.0924924   0.217905  0.0306392    0.20504  0.0780059   0.232597  0.0150916 0.00346702
 0.0386993  0.0278142  0.0579817  0.0921365   0.219561  0.0302395   0.204181  0.0781343    0.23269  0.0151088 0.00345457
 0.0387623   0.027785  0.0576805  0.0917798   0.221219  0.0298448   0.203317  0.0782615   0.232782  0.0151259 0.00344214
 0.0388252  0.0277561  0.0573788  0.0914225   0.222881  0.0294551   0.202446  0.0783876   0.232875  0.0151429 0.00342972
 0.0388882  0.0277277  0.0570764  0.0910646   0.224545  0.0290704    0.20157  0.0785125   0.232968  0.0151599 0.00341731
 0.0389511  0.0276996  0.0567734  0.0907059   0.226213  0.0286908   0.200688  0.0786363    0.23306  0.0151769 0.00340492
  0.039014  0.0276719  0.0564699  0.0903467   0.227883  0.0283162     0.1998   0.078759   0.233153  0.0151938 0.00339254
 0.0390768  0.0276446  0.0561658  0.0899868   0.229555  0.0279466   0.198907  0.0788806   0.233246  0.0152106 0.00338017
 0.0391397  0.0276177  0.0558612  0.0896262    0.23123   0.027582   0.198008  0.0790009   0.233339  0.0152274 0.00336782
 0.0392026  0.0275912  0.0555561   0.089265   0.232907  0.0272225   0.197103  0.0791202   0.233432  0.0152441 0.00335548
 0.0392654   0.027565  0.0552505  0.0889032   0.234587   0.026868   0.196194  0.0792382   0.233525  0.0152607 0.00334316
 0.0393282  0.0275392  0.0549444  0.0885409   0.236269  0.0265185   0.195278  0.0793551   0.233619  0.0152773 0.00333085
  0.039391  0.0275138  0.0546379  0.0881779   0.237953   0.026174   0.194358  0.0794709   0.233712  0.0152938 0.00331856
 0.0394537  0.0274888   0.054331  0.0878143   0.239639  0.0258345   0.193432  0.0795854   0.233805  0.0153103 0.00330628
 0.0395165  0.0274641  0.0540237  0.0874501   0.241326     0.0255   0.192501  0.0796988   0.233899  0.0153267 0.00329402
 0.0395792  0.0274398  0.0537159  0.0870854   0.243016  0.0251705   0.191565  0.0798109   0.233993   0.015343 0.00328177
 0.0396419  0.0274159  0.0534078  0.0867201   0.244707  0.0248461   0.190624  0.0799219   0.234086  0.0153593 0.00326954
 0.0397046  0.0273923  0.0530994  0.0863543     0.2464  0.0245266   0.189678  0.0800317    0.23418  0.0153755 0.00325732
 0.0397673  0.0273691  0.0527907  0.0859879   0.248095  0.0242121   0.188727  0.0801403   0.234274  0.0153917 0.00324512
 0.0398299  0.0273463  0.0524816   0.085621   0.249791  0.0239027   0.187771  0.0802476   0.234369  0.0154077 0.00323293
 0.0398925  0.0273238  0.0521722  0.0852536   0.251488  0.0235982   0.186811  0.0803537   0.234463  0.0154238 0.00322076
 0.0399551  0.0273017  0.0518626  0.0848856   0.253186  0.0232987   0.185846  0.0804587   0.234557  0.0154397 0.00320861
 0.0400176  0.0272799  0.0515527  0.0845172   0.254886  0.0230041   0.184876  0.0805623   0.234652  0.0154556 0.00319647
 0.0400802  0.0272585  0.0512426  0.0841482   0.256586  0.0227146   0.183902  0.0806648   0.234747  0.0154715 0.00318435
 0.0401427  0.0272375  0.0509323  0.0837788   0.258288    0.02243   0.182924   0.080766   0.234842  0.0154872 0.00317225
 0.0402051  0.0272167  0.0506218  0.0834089    0.25999  0.0221504   0.181941   0.080866   0.234937  0.0155029 0.00316016
 0.0402676  0.0271964  0.0503112  0.0830386   0.261693  0.0218757   0.180954  0.0809647   0.235032  0.0155186 0.00314809
   0.04033  0.0271763  0.0500003  0.0826677   0.263396   0.021606   0.179963  0.0810622   0.235128  0.0155342 0.00313604
 0.0403924  0.0271566  0.0496894  0.0822965   0.265101  0.0213413   0.178968  0.0811584   0.235223  0.0155497 0.00312401
 0.0404548  0.0271373  0.0493783  0.0819248   0.266805  0.0210815   0.177969  0.0812533   0.235319  0.0155651 0.00311199
 0.0405171  0.0271183  0.0490672  0.0815526    0.26851  0.0208266   0.176966   0.081347   0.235415  0.0155805 0.00309999
0.0405794 0.0270996  0.048756 0.0811801  0.270215 0.0205766  0.175959 0.0814394  0.235511 0.0155958  0.003088
 0.0406416  0.0270812  0.0484447  0.0808072    0.27192  0.0203316   0.174948  0.0815305   0.235608  0.0156111 0.00307604
 0.0407039  0.0270632  0.0481334  0.0804338   0.273625  0.0200915   0.173934  0.0816204   0.235705  0.0156263 0.00306409
 0.0407661  0.0270455  0.0478221  0.0800601    0.27533  0.0198563   0.172916  0.0817089   0.235802  0.0156414 0.00305216
 0.0408282  0.0270281  0.0475108   0.079686   0.277035   0.019626   0.171894  0.0817962   0.235899  0.0156564 0.00304025
 0.0408903  0.0270111  0.0471995  0.0793116   0.278739  0.0194006   0.170869  0.0818822   0.235996  0.0156714 0.00302836
 0.0409524  0.0269943  0.0468883  0.0789368   0.280444  0.0191801   0.169841  0.0819669   0.236094  0.0156864 0.00301649
 0.0410145  0.0269779  0.0465772  0.0785616   0.282147  0.0189644    0.16881  0.0820503   0.236191  0.0157012 0.00300464
0.0410765 0.0269618 0.0462661 0.0781862   0.28385 0.0187537  0.167775 0.0821323  0.236289  0.015716 0.0029928
 0.0411385   0.026946  0.0459551  0.0778104   0.285552  0.0185478   0.166737  0.0822131   0.236388  0.0157307 0.00298098
 0.0412004  0.0269305  0.0456443  0.0774343   0.287254  0.0183467   0.165697  0.0822926   0.236486  0.0157454 0.00296919
 0.0412623  0.0269153  0.0453336  0.0770579   0.288954  0.0181505   0.164653  0.0823707   0.236585    0.01576 0.00295741
 0.0413242  0.0269004   0.045023  0.0766812   0.290654  0.0179592   0.163606  0.0824475   0.236684  0.0157745 0.00294565
  0.041386  0.0268858  0.0447127  0.0763043   0.292352  0.0177727   0.162557   0.082523   0.236784  0.0157889 0.00293391
 0.0414478  0.0268715  0.0444025   0.075927   0.294049   0.017591   0.161505  0.0825971   0.236883  0.0158033 0.00292219
0.0415095 0.0268574 0.0440926 0.0755496  0.295745 0.0174141  0.160451   0.08267  0.236983 0.0158176 0.0029105
 0.0415712  0.0268437  0.0437829  0.0751719   0.297439   0.017242   0.159394  0.0827415   0.237083  0.0158319 0.00289882
 0.0416329  0.0268303  0.0434734  0.0747939   0.299132  0.0170747   0.158334  0.0828116   0.237184   0.015846 0.00288716
 0.0416945  0.0268171  0.0431643  0.0744158   0.300823  0.0169122   0.157273  0.0828804   0.237284  0.0158601 0.00287552
 0.0417561  0.0268042  0.0428554  0.0740374   0.302512  0.0167545   0.156209  0.0829478   0.237385  0.0158742 0.00286391
 0.0418176  0.0267916  0.0425468  0.0736588     0.3042  0.0166015   0.155142  0.0830139   0.237487  0.0158882 0.00285231
 0.0418791  0.0267793  0.0422386  0.0732801   0.305885  0.0164533   0.154074  0.0830787   0.237588   0.015902 0.00284073
 0.0419405  0.0267673  0.0419307  0.0729011   0.307569  0.0163099   0.153004  0.0831421    0.23769  0.0159159 0.00282918
 0.0420019  0.0267555  0.0416232  0.0725221    0.30925  0.0161712   0.151932  0.0832041   0.237793  0.0159296 0.00281764
 0.0420633  0.0267439  0.0413161  0.0721428   0.310929  0.0160372   0.150858  0.0832647   0.237895  0.0159433 0.00280613
 0.0421246  0.0267327  0.0410094  0.0717635   0.312605  0.0159079   0.149783   0.083324   0.237998  0.0159569 0.00279464
 0.0421858  0.0267217  0.0407031   0.071384   0.314279  0.0157834   0.148706   0.083382   0.238102  0.0159705 0.00278317
  0.042247  0.0267109  0.0403972  0.0710043   0.315951  0.0156635   0.147627  0.0834385   0.238205   0.015984 0.00277172
0.0423082 0.0267004 0.0400918 0.0706246   0.31762 0.0155483  0.146547 0.0834937  0.238309 0.0159974 0.0027603
 0.0423693  0.0266902  0.0397869  0.0702448   0.319285  0.0154378   0.145465  0.0835475   0.238413  0.0160107 0.00274889
 0.0424303  0.0266802  0.0394825  0.0698649   0.320948   0.015332   0.144382  0.0835999   0.238518   0.016024 0.00273751
 0.0424913  0.0266705  0.0391786   0.069485   0.322608  0.0152308   0.143298  0.0836509   0.238623  0.0160372 0.00272615
 0.0425523  0.0266609  0.0388752   0.069105   0.324265  0.0151343   0.142213  0.0837005   0.238728  0.0160503 0.00271482
0.0426132 0.0266517 0.0385724 0.0687249  0.325919 0.0150424  0.141127 0.0837488  0.238834 0.0160633 0.0027035
 0.0426741  0.0266426  0.0382701  0.0683448   0.327569  0.0149551    0.14004  0.0837956    0.23894  0.0160763 0.00269221
 0.0427349  0.0266338  0.0379685  0.0679647   0.329216  0.0148724   0.138953  0.0838411   0.239046  0.0160892 0.00268094
 0.0427956  0.0266252  0.0376674  0.0675846   0.330859  0.0147943   0.137864  0.0838851   0.239153   0.016102 0.00266969
 0.0428563  0.0266169  0.0373669  0.0672046   0.332499  0.0147208   0.136775  0.0839278    0.23926  0.0161148 0.00265847
 0.0429169  0.0266087  0.0370671  0.0668245   0.334134  0.0146519   0.135685   0.083969   0.239368  0.0161275 0.00264727
 0.0429775  0.0266008  0.0367679  0.0664444   0.335766  0.0145876   0.134595  0.0840088   0.239475  0.0161401 0.00263609
  0.043038  0.0265931  0.0364694  0.0660644   0.337395  0.0145278   0.133504  0.0840473   0.239584  0.0161526 0.00262494
 0.0430985  0.0265856  0.0361716  0.0656845   0.339018  0.0144725   0.132413  0.0840843   0.239692  0.0161651 0.00261381
0.0431589 0.0265783 0.0358744 0.0653046  0.340638 0.0144218  0.131322 0.0841199  0.239801 0.0161775 0.0026027
 0.0432193  0.0265713   0.035578  0.0649248   0.342254  0.0143756   0.130231  0.0841541   0.239911  0.0161898 0.00259162
 0.0432796  0.0265644  0.0352823  0.0645451   0.343865  0.0143339    0.12914  0.0841869   0.240021  0.0162021 0.00258056
 0.0433398  0.0265577  0.0349874  0.0641655   0.345472  0.0142967   0.128048  0.0842182   0.240131  0.0162142 0.00256953
    0.0434  0.0265512  0.0346932  0.0637861   0.347074   0.014264   0.126957  0.0842482   0.240242  0.0162263 0.00255852
 0.0434601  0.0265449  0.0343998  0.0634067   0.348671  0.0142357   0.125867  0.0842767   0.240353  0.0162383 0.00254753
 0.0435202  0.0265388  0.0341072  0.0630275   0.350264  0.0142119   0.124776  0.0843038   0.240464  0.0162503 0.00253657
 0.0435802  0.0265329  0.0338155  0.0626485   0.351851  0.0141926   0.123686  0.0843295   0.240576  0.0162622 0.00252564
 0.0436402  0.0265272  0.0335245  0.0622696   0.353434  0.0141776   0.122596  0.0843537   0.240688   0.016274 0.00251472
 0.0437001  0.0265217  0.0332344  0.0618909   0.355011  0.0141671   0.121507  0.0843765   0.240801  0.0162857 0.00250384
 0.0437599  0.0265163  0.0329451  0.0615125   0.356584   0.014161   0.120419  0.0843979   0.240914  0.0162973 0.00249298
 0.0438196  0.0265111  0.0326567  0.0611342   0.358151  0.0141593   0.119332  0.0844178   0.241028  0.0163089 0.00248214
 0.0438793  0.0265061  0.0323693  0.0607561   0.359713   0.014162   0.118245  0.0844363   0.241142  0.0163204 0.00247133
  0.043939  0.0265012  0.0320827  0.0603783   0.361269  0.0141691   0.117159  0.0844534   0.241256  0.0163318 0.00246054
 0.0439985  0.0264965   0.031797  0.0600008   0.362819  0.0141805   0.116074   0.084469   0.241371  0.0163432 0.00244978
 0.0440581   0.026492  0.0315122  0.0596235   0.364364  0.0141962   0.114991  0.0844832   0.241486  0.0163544 0.00243905
 0.0441175  0.0264876  0.0312284  0.0592464   0.365903  0.0142163   0.113908   0.084496   0.241602  0.0163656 0.00242834
 0.0441769  0.0264834  0.0309456  0.0588697   0.367437  0.0142407   0.112827  0.0845073   0.241718  0.0163767 0.00241765
0.0442362 0.0264794 0.0306637 0.0584933  0.368964 0.0142694  0.111748 0.0845172  0.241835 0.0163878  0.002407
 0.0442954  0.0264754  0.0303829  0.0581171   0.370485  0.0143024   0.110669  0.0845256   0.241952  0.0163987 0.00239637
 0.0443546  0.0264717   0.030103  0.0577414      0.372  0.0143397   0.109593  0.0845326   0.242069  0.0164096 0.00238576
 0.0444137  0.0264681  0.0298241  0.0573659   0.373508  0.0143813   0.108518  0.0845382   0.242187  0.0164204 0.00237518
 0.0444728  0.0264646  0.0295463  0.0569908   0.375011  0.0144271   0.107444  0.0845423   0.242305  0.0164311 0.00236463
 0.0445317  0.0264612  0.0292695  0.0566161   0.376506  0.0144771   0.106373  0.0845449   0.242424  0.0164418 0.00235411
 0.0445907   0.026458  0.0289938  0.0562417   0.377995  0.0145314   0.105303  0.0845461   0.242544  0.0164523 0.00234361
 0.0446495  0.0264549  0.0287191  0.0558678   0.379478  0.0145899   0.104236  0.0845459   0.242663  0.0164628 0.00233314
 0.0447083   0.026452  0.0284455  0.0554943   0.380953  0.0146526    0.10317  0.0845442   0.242784  0.0164733 0.00232269
  0.044767  0.0264492   0.028173  0.0551211   0.382422  0.0147195   0.102107  0.0845411   0.242904  0.0164836 0.00231228
 0.0448256  0.0264465  0.0279016  0.0547485   0.383884  0.0147905   0.101046  0.0845365   0.243025  0.0164938 0.00230189
 0.0448841  0.0264439  0.0276314  0.0543762   0.385339  0.0148658  0.0999869  0.0845305   0.243147   0.016504 0.00229152
 0.0449426  0.0264414  0.0273622  0.0540045   0.386786  0.0149451  0.0989305   0.084523   0.243269  0.0165141 0.00228119
  0.045001  0.0264391  0.0270942  0.0536332   0.388226  0.0150287  0.0978766  0.0845141   0.243392  0.0165241 0.00227088
0.0450594 0.0264368 0.0268274 0.0532624  0.389659 0.0151163 0.0968253 0.0845037  0.243515 0.0165341 0.0022606
 0.0451177  0.0264347  0.0265617  0.0528921   0.391085  0.0152081  0.0957767  0.0844919   0.243638  0.0165439 0.00225035
 0.0451759  0.0264327  0.0262972  0.0525223   0.392503  0.0153039  0.0947307  0.0844786   0.243762  0.0165537 0.00224012
  0.045234  0.0264307  0.0260339  0.0521531   0.393913  0.0154038  0.0936877  0.0844639   0.243886  0.0165634 0.00222993
  0.045292  0.0264289  0.0257718  0.0517844   0.395316  0.0155078  0.0926475  0.0844477   0.244011   0.016573 0.00221976
   0.04535  0.0264272  0.0255109  0.0514162   0.396711  0.0156159  0.0916103    0.08443   0.244137  0.0165826 0.00220962
 0.0454079  0.0264256  0.0252512  0.0510486   0.398097   0.015728  0.0905762   0.084411   0.244262   0.016592 0.00219951
 0.0454657   0.026424  0.0249928  0.0506816   0.399476  0.0158442  0.0895453  0.0843904   0.244389  0.0166014 0.00218943
 0.0455235  0.0264226  0.0247356  0.0503153   0.400847  0.0159643  0.0885176  0.0843685   0.244516  0.0166107 0.00217937
 0.0455811  0.0264212  0.0244796  0.0499495    0.40221  0.0160885  0.0874932   0.084345   0.244643  0.0166199 0.00216935
 0.0456387  0.0264199   0.024225  0.0495843   0.403564  0.0162167  0.0864722  0.0843201   0.244771   0.016629 0.00215935
 0.0456963  0.0264187  0.0239715  0.0492198    0.40491  0.0163488  0.0854547  0.0842938   0.244899  0.0166381 0.00214938
 0.0457537  0.0264176  0.0237194   0.048856   0.406248  0.0164849  0.0844408  0.0842661   0.245027   0.016647 0.00213944
 0.0458111  0.0264165  0.0234686  0.0484928   0.407577   0.016625  0.0834304  0.0842368   0.245157  0.0166559 0.00212953
 0.0458683  0.0264156  0.0232191  0.0481303   0.408897   0.016769  0.0824238  0.0842062   0.245286  0.0166647 0.00211965
0.0459255 0.0264147 0.0229708 0.0477685  0.410209 0.0169169 0.0814211 0.0841741  0.245416 0.0166734 0.0021098
 0.0459827  0.0264138  0.0227239  0.0474074   0.411512  0.0170688  0.0804221  0.0841405   0.245547  0.0166821 0.00209998
 0.0460397  0.0264131  0.0224784   0.047047   0.412806  0.0172245  0.0794272  0.0841055   0.245678  0.0166906 0.00209019
 0.0460967  0.0264123  0.0222341  0.0466874   0.414091  0.0173842  0.0784362  0.0840691   0.245809  0.0166991 0.00208043
0.0461536 0.0264117 0.0219913 0.0463285  0.415367 0.0175477 0.0774494 0.0840312  0.245941 0.0167075 0.0020707
0.0462104 0.0264111 0.0217497 0.0459704  0.416634 0.0177151 0.0764667 0.0839919  0.246074 0.0167158  0.002061
 0.0462671  0.0264106  0.0215096  0.0456131   0.417892  0.0178863  0.0754883  0.0839512   0.246207   0.016724 0.00205132
 0.0463237  0.0264101  0.0212708  0.0452565    0.41914  0.0180614  0.0745142   0.083909    0.24634  0.0167321 0.00204168
 0.0463803  0.0264097  0.0210334  0.0449008   0.420379  0.0182402  0.0735446  0.0838653   0.246474  0.0167402 0.00203207
 0.0464368  0.0264093  0.0207973  0.0445459   0.421609  0.0184229  0.0725794  0.0838203   0.246609  0.0167481 0.00202249
 0.0464932   0.026409  0.0205627  0.0441918   0.422829  0.0186094  0.0716188  0.0837738   0.246743   0.016756 0.00201294
 0.0465495  0.0264087  0.0203295  0.0438385    0.42404  0.0187997  0.0706628  0.0837259   0.246879  0.0167638 0.00200342
 0.0466057  0.0264084  0.0200977  0.0434862    0.42524  0.0189938  0.0697115  0.0836765   0.247014  0.0167715 0.00199393
 0.0466618  0.0264082  0.0198673  0.0431347   0.426431  0.0191916   0.068765  0.0836257   0.247151  0.0167791 0.00198447
 0.0467179  0.0264081  0.0196383   0.042784   0.427613  0.0193931  0.0678233  0.0835735   0.247287  0.0167867 0.00197504
 0.0467739   0.026408  0.0194107  0.0424343   0.428784  0.0195984  0.0668865  0.0835199   0.247425  0.0167941 0.00196565
 0.0468297  0.0264079  0.0191846  0.0420855   0.429945  0.0198074  0.0659547  0.0834649   0.247562  0.0168015 0.00195628
 0.0468855  0.0264078    0.01896  0.0417377   0.431096  0.0200201   0.065028  0.0834084     0.2477  0.0168088 0.00194695
 0.0469413  0.0264078  0.0187368  0.0413907   0.432238  0.0202365  0.0641064  0.0833505   0.247839   0.016816 0.00193764
 0.0469969  0.0264078   0.018515  0.0410448   0.433368  0.0204566    0.06319  0.0832912   0.247978  0.0168231 0.00192837
 0.0470524  0.0264078  0.0182947  0.0406998   0.434489  0.0206803  0.0622789  0.0832305   0.248117  0.0168301 0.00191913
 0.0471079  0.0264078  0.0180759  0.0403558   0.435599  0.0209078  0.0613731  0.0831684   0.248257   0.016837 0.00190992
 0.0471632  0.0264079  0.0178585  0.0400128   0.436699  0.0211388  0.0604727  0.0831049   0.248398  0.0168438 0.00190075
0.0472185  0.026408 0.0176426 0.0396708  0.437788 0.0213735 0.0595778 0.0830399  0.248539 0.0168506 0.0018916
 0.0472737  0.0264081  0.0174282  0.0393298   0.438867  0.0216118  0.0586884  0.0829736    0.24868  0.0168573 0.00188249
 0.0473288  0.0264082  0.0172153  0.0389899   0.439935  0.0218537  0.0578046  0.0829059   0.248821  0.0168638 0.00187341
 0.0473838  0.0264084  0.0170039   0.038651   0.440992  0.0220992  0.0569264  0.0828367   0.248964  0.0168703 0.00186436
 0.0474387  0.0264085  0.0167939  0.0383132   0.442039  0.0223483   0.056054  0.0827662   0.249106  0.0168767 0.00185534
 0.0474936  0.0264087  0.0165855  0.0379764   0.443075  0.0226009  0.0551874  0.0826943   0.249249   0.016883 0.00184636
 0.0475483  0.0264089  0.0163786  0.0376408   0.444099  0.0228571  0.0543266   0.082621   0.249393  0.0168892 0.00183741
 0.0476029  0.0264091  0.0161732  0.0373062   0.445113  0.0231169  0.0534718  0.0825463   0.249537  0.0168954 0.00182849
0.0476575 0.0264093 0.0159693 0.0369728  0.446116 0.0233801 0.0526229 0.0824702  0.249681 0.0169014 0.0018196
  0.047712  0.0264095  0.0157669  0.0366405   0.447107  0.0236469  0.0517801  0.0823928   0.249826  0.0169073 0.00181074
 0.0477663  0.0264097   0.015566  0.0363094   0.448088  0.0239172  0.0509434   0.082314   0.249971  0.0169132 0.00180192
 0.0478206  0.0264099  0.0153666  0.0359794   0.449057   0.024191  0.0501128  0.0822338   0.250117   0.016919 0.00179313
 0.0478748  0.0264101  0.0151688  0.0356506   0.450015  0.0244683  0.0492885  0.0821522   0.250263  0.0169246 0.00178438
 0.0479289  0.0264104  0.0149725   0.035323   0.450962   0.024749  0.0484704  0.0820693   0.250409  0.0169302 0.00177565
 0.0479829  0.0264106  0.0147778  0.0349966   0.451897  0.0250332  0.0476587   0.081985   0.250556  0.0169357 0.00176696
 0.0480368  0.0264108  0.0145845  0.0346714    0.45282  0.0253208  0.0468533  0.0818994   0.250703  0.0169411 0.00175831
 0.0480906   0.026411  0.0143928  0.0343474   0.453732  0.0256119  0.0460544  0.0818124   0.250851  0.0169464 0.00174968
 0.0481444  0.0264112  0.0142027  0.0340247   0.454633  0.0259064  0.0452621  0.0817241   0.250999  0.0169516 0.00174109
  0.048198  0.0264114  0.0140141  0.0337032   0.455522  0.0262043  0.0444763  0.0816344   0.251147  0.0169568 0.00173254
 0.0482515  0.0264116   0.013827   0.033383   0.456399  0.0265056  0.0436971  0.0815434   0.251296  0.0169618 0.00172401
  0.048305  0.0264118  0.0136415   0.033064   0.457264  0.0268103  0.0429245   0.081451   0.251445  0.0169667 0.00171552
 0.0483583   0.026412  0.0134575  0.0327464   0.458118  0.0271183  0.0421587  0.0813574   0.251595  0.0169716 0.00170707
 0.0484115  0.0264121  0.0132751  0.0324301    0.45896  0.0274297  0.0413997  0.0812623   0.251745  0.0169763 0.00169865
 0.0484647  0.0264123  0.0130942   0.032115   0.459789  0.0277444  0.0406475   0.081166   0.251895   0.016981 0.00169026
 0.0485177  0.0264124  0.0129149  0.0318013   0.460607  0.0280625  0.0399022  0.0810684   0.252046  0.0169856 0.00168191
 0.0485707  0.0264126  0.0127371   0.031489   0.461413  0.0283839  0.0391638  0.0809694   0.252197    0.01699 0.00167358
0.0486236 0.0264127 0.0125608  0.031178  0.462207 0.0287086 0.0384324 0.0808692  0.252348 0.0169944 0.0016653
 0.0486763  0.0264128  0.0123862  0.0308684   0.462988  0.0290367  0.0377081  0.0807676     0.2525  0.0169987 0.00165705
  0.048729  0.0264129   0.012213  0.0305601   0.463757   0.029368  0.0369908  0.0806647   0.252652  0.0170029 0.00164883
 0.0487815   0.026413  0.0120414  0.0302533   0.464515  0.0297025  0.0362806  0.0805606   0.252805  0.0170069 0.00164065
 0.048834  0.026413 0.0118714 0.0299478  0.465259 0.0300404 0.0355776 0.0804551  0.252958 0.0170109 0.0016325
 0.0488864  0.0264131  0.0117029  0.0296438   0.465992  0.0303815  0.0348819  0.0803484   0.253111  0.0170148 0.00162438
0.0489386 0.0264131  0.011536 0.0293412  0.466712 0.0307258 0.0341934 0.0802404  0.253264 0.0170186 0.0016163
 0.0489908  0.0264131  0.0113707  0.0290401    0.46742  0.0310734  0.0335122  0.0801312   0.253418  0.0170223 0.00160826
 0.0490429  0.0264131  0.0112068  0.0287404   0.468115  0.0314241  0.0328383  0.0800206   0.253572  0.0170259 0.00160025
 0.0490949  0.0264131  0.0110446  0.0284421   0.468798  0.0317781  0.0321719  0.0799088   0.253727  0.0170294 0.00159228
 0.0491467   0.026413  0.0108838  0.0281454   0.469468  0.0321353  0.0315129  0.0797958   0.253882  0.0170329 0.00158433
 0.0491985   0.026413  0.0107247  0.0278501   0.470126  0.0324957  0.0308613  0.0796815   0.254037  0.0170362 0.00157643
 0.0492502  0.0264129   0.010567  0.0275564   0.470771  0.0328592  0.0302173   0.079566   0.254192  0.0170394 0.00156856
 0.0493017  0.0264128   0.010411  0.0272642   0.471404  0.0332259  0.0295809  0.0794492   0.254348  0.0170425 0.00156072
 0.0493532  0.0264126  0.0102564  0.0269735   0.472023  0.0335957   0.028952  0.0793312   0.254504  0.0170455 0.00155292
 0.0494045  0.0264125  0.0101034  0.0266843    0.47263  0.0339687  0.0283308   0.079212    0.25466  0.0170484 0.00154516
 0.0494558  0.0264123 0.00995197  0.0263967   0.473225  0.0343447  0.0277173  0.0790916   0.254816  0.0170513 0.00153743
  0.049507  0.0264121 0.00980205  0.0261107   0.473806   0.034724  0.0271115    0.07897   0.254973   0.017054 0.00152974
  0.049558  0.0264119 0.00965367  0.0258262   0.474375  0.0351063  0.0265134  0.0788471    0.25513  0.0170566 0.00152208
  0.049609  0.0264117 0.00950683  0.0255433   0.474931  0.0354916  0.0259231  0.0787231   0.255287  0.0170591 0.00151446
 0.0496598  0.0264114 0.00936151   0.025262   0.475473  0.0358801  0.0253407  0.0785979   0.255445  0.0170616 0.00150687
 0.0497105  0.0264112 0.00921773  0.0249824   0.476003  0.0362717  0.0247661  0.0784715   0.255602  0.0170639 0.00149932
 0.0497612  0.0264109 0.00907547  0.0247043    0.47652  0.0366663  0.0241994  0.0783439    0.25576  0.0170661  0.0014918
 0.0498117  0.0264105 0.00893473  0.0244279   0.477024  0.0370639  0.0236406  0.0782152   0.255919  0.0170682 0.00148432
 0.0498621  0.0264102 0.00879552  0.0241532   0.477515  0.0374646  0.0230897  0.0780853   0.256077  0.0170702 0.00147688
 0.0499125  0.0264098 0.00865782  0.0238801   0.477993  0.0378682  0.0225469  0.0779542   0.256236  0.0170721 0.00146947
 0.0499627  0.0264095 0.00852163  0.0236086   0.478458  0.0382749   0.022012   0.077822   0.256394   0.017074  0.0014621
 0.0500128  0.0264091 0.00838696  0.0233389    0.47891  0.0386846  0.0214852  0.0776887   0.256553  0.0170757 0.00145477
 0.0500628  0.0264086 0.00825379  0.0230708   0.479348  0.0390973  0.0209665  0.0775543   0.256713  0.0170773 0.00144747
 0.0501127  0.0264082 0.00812213  0.0228044   0.479774   0.039513  0.0204558  0.0774187   0.256872  0.0170788  0.0014402
 0.0501625  0.0264077 0.00799197  0.0225398   0.480186  0.0399316  0.0199533   0.077282   0.257032  0.0170802 0.00143298
 0.0502122  0.0264073  0.0078633  0.0222768   0.480585  0.0403532   0.019459  0.0771442   0.257191  0.0170815 0.00142579
 0.0502618  0.0264068 0.00773612  0.0220156   0.480971  0.0407777  0.0189728  0.0770053   0.257351  0.0170827 0.00141863
 0.0503112  0.0264062 0.00761043  0.0217561   0.481344  0.0412052  0.0184948  0.0768653   0.257511  0.0170838 0.00141152
 0.0503606  0.0264057 0.00748623  0.0214984   0.481703  0.0416356   0.018025  0.0767243   0.257672  0.0170848 0.00140444
 0.0504099  0.0264052  0.0073635  0.0212425    0.48205  0.0420688  0.0175635  0.0765821   0.257832  0.0170857 0.00139739
  0.050459  0.0264046 0.00724225  0.0209883   0.482382   0.042505  0.0171103  0.0764389   0.257992  0.0170864 0.00139038
 0.0505081   0.026404 0.00712246  0.0207359   0.482702  0.0429441  0.0166653  0.0762947   0.258153  0.0170871 0.00138341
  0.050557  0.0264034 0.00700414  0.0204854   0.483008   0.043386  0.0162287  0.0761494   0.258314  0.0170877 0.00137648
 0.0506058  0.0264028 0.00688728  0.0202366   0.483301  0.0438308  0.0158004  0.0760031   0.258474  0.0170881 0.00136958
 0.0506545  0.0264022 0.00677188  0.0199896   0.483581  0.0442785  0.0153804  0.0758557   0.258635  0.0170885 0.00136272
 0.0507031  0.0264015 0.00665792  0.0197445   0.483847   0.044729  0.0149688  0.0757073   0.258796  0.0170888  0.0013559
 0.0507516  0.0264009 0.00654541  0.0195012     0.4841  0.0451823  0.0145656   0.075558   0.258957  0.0170889 0.00134911
    0.0508  0.0264002 0.00643433  0.0192597   0.484339  0.0456385  0.0141708  0.0754076   0.259119  0.0170889 0.00134236
 0.0508483  0.0263995 0.00632469  0.0190201   0.484565  0.0460974  0.0137844  0.0752562    0.25928  0.0170889 0.00133565
 0.0508965  0.0263988 0.00621648  0.0187823   0.484778  0.0465592  0.0134064  0.0751039   0.259441  0.0170887 0.00132898
 0.0509445  0.0263981 0.00610969  0.0185465   0.484977  0.0470237  0.0130369  0.0749505   0.259602  0.0170884 0.00132234
 0.0509925  0.0263974 0.00600431  0.0183125   0.485163  0.0474911  0.0126758  0.0747963   0.259764   0.017088 0.00131574
 0.0510403  0.0263967 0.00590034  0.0180804   0.485335  0.0479611  0.0123232   0.074641   0.259925  0.0170875 0.00130918
  0.051088   0.026396 0.00579778  0.0178502   0.485494   0.048434  0.0119791  0.0744849   0.260086  0.0170869 0.00130265
 0.0511356  0.0263953 0.00569662  0.0176219    0.48564  0.0489095  0.0116435  0.0743278   0.260248  0.0170862 0.00129616
 0.0511831  0.0263946 0.00559684  0.0173955   0.485772  0.0493879  0.0113163  0.0741698   0.260409  0.0170854 0.00128971
 0.0512305  0.0263939 0.00549845  0.0171711    0.48589  0.0498689  0.0109977  0.0740109   0.260571  0.0170845  0.0012833
 0.0512778  0.0263931 0.00540144  0.0169486   0.485996  0.0503526  0.0106876   0.073851   0.260732  0.0170834 0.00127692
 0.0513249  0.0263924  0.0053058   0.016728   0.486087   0.050839  0.0103861  0.0736903   0.260893  0.0170823 0.00127059
  0.051372  0.0263917 0.00521153  0.0165094   0.486166  0.0513281   0.010093  0.0735288   0.261055   0.017081 0.00126429
 0.0514189   0.026391 0.00511861  0.0162927   0.486231  0.0518199 0.00980851  0.0733663   0.261216  0.0170796 0.00125802
 0.0514657  0.0263903 0.00502705   0.016078   0.486282  0.0523144 0.00953255   0.073203   0.261377  0.0170781  0.0012518
 0.0515124  0.0263895 0.00493682  0.0158653    0.48632  0.0528115 0.00926514  0.0730389   0.261538  0.0170765 0.00124561
  0.051559  0.0263888 0.00484794  0.0156546   0.486345  0.0533112 0.00900627  0.0728739   0.261699  0.0170748 0.00123946
 0.0516055  0.0263881 0.00476039  0.0154459   0.486356  0.0538136 0.00875596  0.0727081    0.26186   0.017073 0.00123335
 0.0516519  0.0263875 0.00467416  0.0152392   0.486354  0.0543186  0.0085142  0.0725415   0.262021  0.0170711 0.00122728
 0.0516981  0.0263868 0.00458925  0.0150345   0.486338  0.0548262   0.008281  0.0723741   0.262182  0.0170691 0.00122124
 0.0517443  0.0263861 0.00450564  0.0148318   0.486309  0.0553363 0.00805635  0.0722059   0.262343  0.0170669 0.00121525
 0.0517903  0.0263855 0.00442334  0.0146311   0.486267  0.0558491 0.00784025   0.072037   0.262503  0.0170646 0.00120929
 0.0518362  0.0263848 0.00434232  0.0144324   0.486211  0.0563645 0.00763271  0.0718672   0.262663  0.0170623 0.00120337
  0.051882  0.0263842  0.0042626  0.0142358   0.486142  0.0568824 0.00743371  0.0716968   0.262824  0.0170598 0.00119748
 0.0519276  0.0263836 0.00418415  0.0140413   0.486059  0.0574028 0.00724327  0.0715256   0.262984  0.0170572 0.00119164
 0.0519732   0.026383 0.00410697  0.0138488   0.485963  0.0579258 0.00706136  0.0713537   0.263144  0.0170545 0.00118583
 0.0520186  0.0263825 0.00403106  0.0136583   0.485854  0.0584513   0.006888   0.071181   0.263304  0.0170516 0.00118006
 0.0520639   0.026382  0.0039564    0.01347   0.485731  0.0589793 0.00672316  0.0710077   0.263463  0.0170487 0.00117433
 0.0521091  0.0263815 0.00388299  0.0132837   0.485596  0.0595099 0.00656685  0.0708337   0.263623  0.0170456 0.00116864
 0.0521542   0.026381 0.00381081  0.0130994   0.485446  0.0600429 0.00641906   0.070659   0.263782  0.0170425 0.00116299
 0.0521992  0.0263805 0.00373987  0.0129173   0.485284  0.0605784 0.00627978  0.0704836   0.263941  0.0170392 0.00115737
  0.052244  0.0263801 0.00367014  0.0127372   0.485108  0.0611164 0.00614901  0.0703076     0.2641  0.0170358  0.0011518
 0.0522888  0.0263797 0.00360163  0.0125593   0.484919  0.0616568 0.00602672   0.070131   0.264258  0.0170323 0.00114626
 0.0523334  0.0263794 0.00353433  0.0123835   0.484717  0.0621996 0.00591292  0.0699537   0.264416  0.0170286 0.00114076
 0.0523779  0.0263791 0.00346822  0.0122097   0.484502  0.0627449 0.00580759  0.0697759   0.264574  0.0170249  0.0011353
 0.0524223  0.0263788 0.00340331  0.0120381   0.484274  0.0632927 0.00571072  0.0695974   0.264732   0.017021 0.00112987
 0.0524665  0.0263786 0.00333957  0.0118686   0.484032  0.0638428 0.00562229  0.0694184    0.26489   0.017017 0.00112449
 0.0525107  0.0263784   0.003277  0.0117012   0.483777  0.0643953  0.0055423  0.0692388   0.265047  0.0170129 0.00111914
 0.0525547  0.0263782  0.0032156   0.011536    0.48351  0.0649502 0.00547072  0.0690587   0.265204  0.0170087 0.00111384
 0.0525986  0.0263781 0.00315536  0.0113729   0.483229  0.0655075 0.00540755   0.068878    0.26536  0.0170044 0.00110857
 0.0526424  0.0263781 0.00309625  0.0112119   0.482935  0.0660672 0.00535277  0.0686968   0.265517      0.017 0.00110334
  0.052686  0.0263781 0.00303829  0.0110531   0.482628  0.0666292 0.00530635  0.0685151   0.265672  0.0169954 0.00109815
 0.0527296  0.0263781 0.00298145  0.0108965   0.482308  0.0671935 0.00526829  0.0683328   0.265828  0.0169907 0.00109299
  0.052773  0.0263782 0.00292574   0.010742   0.481975  0.0677602 0.00523857  0.0681502   0.265983  0.0169859 0.00108788
 0.0528163  0.0263784 0.00287113  0.0105896   0.481629  0.0683291 0.00521716   0.067967   0.266138   0.016981 0.00108281
 0.0528595  0.0263786 0.00281763  0.0104395   0.481271  0.0689004 0.00520406  0.0677834   0.266293   0.016976 0.00107777
 0.0529025  0.0263789 0.00276522  0.0102915   0.480899   0.069474 0.00519922  0.0675994   0.266447  0.0169708 0.00107277
 0.0529455  0.0263793 0.00271389  0.0101457   0.480515  0.0700498 0.00520265  0.0674149     0.2666  0.0169656 0.00106781
 0.0529883  0.0263797 0.00266364   0.010002   0.480117  0.0706279 0.00521431    0.06723   0.266754  0.0169602 0.00106289
  0.053031  0.0263802 0.00261445 0.00986056   0.479707  0.0712082 0.00523418  0.0670448   0.266907  0.0169547 0.00105801
 0.0530735  0.0263807 0.00256632 0.00972128   0.479285  0.0717908 0.00526224  0.0668592   0.267059   0.016949 0.00105317
  0.053116  0.0263814 0.00251924  0.0095842   0.478849  0.0723756 0.00529846  0.0666732   0.267211  0.0169433 0.00104837
 0.0531583  0.0263821 0.00247319 0.00944931   0.478401  0.0729626 0.00534282  0.0664868   0.267363  0.0169374  0.0010436
 0.0532005  0.0263828 0.00242818 0.00931662    0.47794  0.0735519  0.0053953  0.0663002   0.267514  0.0169315 0.00103888
