 0.0555462  0.0577209  0.0202905   0.110567  0.0468882   0.347263   0.170855  0.0667806   0.111454  0.0095108 0.00312425
 0.0557273  0.0574224   0.020362   0.111661  0.0461003   0.347849   0.169073  0.0677097   0.111383 0.00959476 0.00311724
 0.0559081  0.0571216  0.0204346   0.112764  0.0453212   0.348394   0.167307  0.0686485   0.111311 0.00967944 0.00311025
 0.0560885  0.0568183  0.0205083   0.113875  0.0445513   0.348895    0.16556   0.069597   0.111239 0.00976485 0.00310326
 0.0562685  0.0565125  0.0205831   0.114994  0.0437907   0.349353    0.16383  0.0705548   0.111167   0.009851 0.00309629
  0.056448  0.0562044   0.020659   0.116121  0.0430396   0.349768   0.162118  0.0715217   0.111093 0.00993787 0.00308933
 0.0566271  0.0558938  0.0207362   0.117256  0.0422983   0.350138   0.160426  0.0724974   0.111019  0.0100255 0.00308238
 0.0568057  0.0555808  0.0208147   0.118398  0.0415669   0.350465   0.158753  0.0734815   0.110944  0.0101138 0.00307544
 0.0569839  0.0552653  0.0208944   0.119549  0.0408458   0.350748     0.1571  0.0744738   0.110869  0.0102029 0.00306851
0.0571615 0.0549474 0.0209754  0.120707  0.040135  0.350986  0.155467  0.075474  0.110793 0.0102926 0.0030616
 0.0573387   0.054627  0.0210578   0.121872  0.0394348    0.35118   0.153855  0.0764819   0.110716  0.0103831 0.00305469
0.0575153 0.0543041 0.0211415  0.123044 0.0387454  0.351328  0.152264 0.0774971  0.110638 0.0104743 0.0030478
 0.0576914  0.0539787  0.0212267   0.124224   0.038067   0.351432   0.150695  0.0785192   0.110559  0.0105663 0.00304092
 0.0578669  0.0536509  0.0213132    0.12541  0.0373997    0.35149   0.149149  0.0795481   0.110479  0.0106589 0.00303405
 0.0580418  0.0533206  0.0214013   0.126604  0.0367438   0.351502   0.147625  0.0805834   0.110399  0.0107523 0.00302719
 0.0582161  0.0529878  0.0214908   0.127804  0.0360994   0.351469   0.146124  0.0816247   0.110317  0.0108463 0.00302034
 0.0583899  0.0526525  0.0215819    0.12901  0.0354668    0.35139   0.144647  0.0826718   0.110234  0.0109411 0.00301351
  0.058563  0.0523147  0.0216745   0.130223   0.034846   0.351266   0.143195  0.0837244   0.110151  0.0110365 0.00300668
 0.0587354  0.0519744  0.0217687   0.131442  0.0342373   0.351095   0.141767  0.0847821   0.110066  0.0111327 0.00299987
 0.0589072  0.0516317  0.0218644   0.132668  0.0336409   0.350878   0.140363  0.0858445    0.10998  0.0112296 0.00299307
 0.0590783  0.0512865  0.0219618   0.133899  0.0330568   0.350614   0.138986  0.0869114   0.109893  0.0113271 0.00298628
0.0592487 0.0509389 0.0220608  0.135136 0.0324853  0.350304  0.137634 0.0879825  0.109805 0.0114254 0.0029795
 0.0594184  0.0505888  0.0221614   0.136379  0.0319265   0.349948   0.136309  0.0890573   0.109715  0.0115243 0.00297273
 0.0595873  0.0502362  0.0222637   0.137627  0.0313805   0.349545    0.13501  0.0901356   0.109625  0.0116239 0.00296598
 0.0597555  0.0498812  0.0223677   0.138881  0.0308475   0.349096   0.133739  0.0912169   0.109533  0.0117242 0.00295924
 0.0599229  0.0495238  0.0224733   0.140139  0.0303277   0.348599   0.132495  0.0923011    0.10944  0.0118252 0.00295251
 0.0600895   0.049164  0.0225807   0.141403  0.0298211   0.348057   0.131279  0.0933876   0.109345  0.0119268 0.00294579
 0.0602553  0.0488018  0.0226898   0.142672  0.0293279   0.347467   0.130092  0.0944763    0.10925  0.0120291 0.00293908
 0.0604203  0.0484372  0.0228005   0.143945  0.0288483   0.346831   0.128934  0.0955666   0.109153  0.0121321 0.00293239
 0.0605844  0.0480703   0.022913   0.145223  0.0283823   0.346148   0.127805  0.0966583   0.109055  0.0122357 0.00292571
 0.0607477   0.047701  0.0230273   0.146506  0.0279301   0.345418   0.126705   0.097751   0.108955  0.0123399 0.00291904
 0.0609101  0.0473294  0.0231432   0.147792  0.0274917   0.344642   0.125636  0.0988443   0.108854  0.0124449 0.00291238
 0.0610716  0.0469555  0.0232609   0.149083  0.0270674   0.343819   0.124596   0.099938   0.108752  0.0125504 0.00290574
 0.0612321  0.0465794  0.0233804   0.150378  0.0266571   0.342949   0.123588   0.101032   0.108649  0.0126566 0.00289911
 0.0613918   0.046201  0.0235015   0.151677   0.026261   0.342033    0.12261   0.102125   0.108544  0.0127634 0.00289249
 0.0615504  0.0458204  0.0236244   0.152979  0.0258792   0.341071   0.121664   0.103217   0.108437  0.0128709 0.00288589
0.0617081 0.0454376  0.023749  0.154285 0.0255118  0.340063   0.12075  0.104308   0.10833 0.0129789 0.0028793
 0.0618648  0.0450527  0.0238753   0.155594  0.0251588   0.339008   0.119868   0.105398    0.10822  0.0130876 0.00287272
 0.0620205  0.0446657  0.0240034   0.156906  0.0248203   0.337908   0.119018   0.106485    0.10811  0.0131969 0.00286616
 0.0621751  0.0442766  0.0241331   0.158221  0.0244965   0.336762   0.118201   0.107571   0.107998  0.0133068 0.00285961
 0.0623287  0.0438854  0.0242645   0.159539  0.0241873    0.33557   0.117417   0.108654   0.107885  0.0134173 0.00285308
 0.0624811  0.0434923  0.0243975   0.160859  0.0238928   0.334333   0.116666   0.109734    0.10777  0.0135284 0.00284656
 0.0626325  0.0430971  0.0245322   0.162183  0.0236132    0.33305   0.115948    0.11081   0.107654    0.01364 0.00284005
 0.0627828  0.0427001  0.0246686   0.163508  0.0233484   0.331723   0.115264   0.111883   0.107537  0.0137523 0.00283356
  0.062932  0.0423012  0.0248065   0.164836  0.0230984   0.330351   0.114615   0.112951   0.107418  0.0138651 0.00282709
 0.0630799  0.0419004   0.024946   0.166165  0.0228634   0.328934   0.113999   0.114015   0.107297  0.0139784 0.00282063
 0.0632267  0.0414979  0.0250871   0.167497  0.0226434   0.327473   0.113419   0.115074   0.107176  0.0140924 0.00281418
 0.0633724  0.0410936  0.0252297    0.16883  0.0224384   0.325968   0.112872   0.116128   0.107053  0.0142068 0.00280776
 0.0635167  0.0406877  0.0253738   0.170164  0.0222484    0.32442   0.112361   0.117177   0.106928  0.0143219 0.00280134
 0.0636599  0.0402801  0.0255194     0.1715  0.0220735   0.322828   0.111885   0.118219   0.106803  0.0144374 0.00279495
 0.0638018  0.0398709  0.0256664   0.172837  0.0219137   0.321193   0.111445   0.119255   0.106676  0.0145535 0.00278857
 0.0639424  0.0394602  0.0258148   0.174175  0.0217689   0.319515   0.111039   0.120284   0.106547  0.0146701 0.00278221
 0.0640817  0.0390481  0.0259646   0.175514  0.0216393   0.317795    0.11067   0.121306   0.106418  0.0147872 0.00277586
 0.0642197  0.0386345  0.0261158   0.176854  0.0215248   0.316034   0.110336   0.122321   0.106287  0.0149048 0.00276954
 0.0643564  0.0382196  0.0262682   0.178194  0.0214253    0.31423   0.110038   0.123328   0.106154  0.0150229 0.00276323
 0.0644917  0.0378034  0.0264218   0.179534   0.021341   0.312386   0.109776   0.124327   0.106021  0.0151415 0.00275694
 0.0646256   0.037386  0.0265767   0.180875  0.0212717   0.310501    0.10955   0.125317   0.105886  0.0152606 0.00275066
 0.0647581  0.0369675  0.0267327   0.182216  0.0212176   0.308575   0.109361   0.126298    0.10575  0.0153801 0.00274441
 0.0648892  0.0365479  0.0268898   0.183556  0.0211785    0.30661   0.109207    0.12727   0.105613  0.0155001 0.00273817
 0.0650189  0.0361273   0.027048   0.184896  0.0211544   0.304605   0.109091   0.128233   0.105474  0.0156206 0.00273195
 0.0651471  0.0357057  0.0272072   0.186236  0.0211453   0.302562    0.10901   0.129185   0.105335  0.0157415 0.00272576
 0.0652738  0.0352832  0.0273674   0.187575  0.0211512    0.30048   0.108966   0.130127   0.105194  0.0158628 0.00271958
  0.065399    0.03486  0.0275284   0.188913   0.021172   0.298361   0.108958   0.131059   0.105052  0.0159846 0.00271342
 0.0655227  0.0344361  0.0276903    0.19025  0.0212077   0.296204   0.108987   0.131979   0.104909  0.0161067 0.00270728
 0.0656448  0.0340115  0.0278529   0.191586  0.0212583    0.29401   0.109053   0.132888   0.104765  0.0162293 0.00270117
 0.0657654  0.0335864  0.0280163   0.192921  0.0213236    0.29178   0.109155   0.133785    0.10462  0.0163523 0.00269507
0.0658844 0.0331607 0.0281803  0.194254 0.0214037  0.289515  0.109293  0.134671  0.104473 0.0164757  0.002689
 0.0660017  0.0327347  0.0283449   0.195586  0.0214985   0.287214   0.109467   0.135544   0.104326  0.0165994 0.00268294
 0.0661175  0.0323084    0.02851   0.196916  0.0216078    0.28488   0.109678   0.136404   0.104178  0.0167235 0.00267691
0.0662316 0.0318819 0.0286756  0.198244 0.0217317  0.282511  0.109925  0.137251  0.104029  0.016848 0.0026709
  0.066344  0.0314552  0.0288416   0.199569  0.0218701   0.280109   0.110208   0.138085   0.103879  0.0169728 0.00266492
 0.0664548  0.0310284  0.0290079   0.200893  0.0220229   0.277675   0.110528   0.138905   0.103729   0.017098 0.00265895
 0.0665638  0.0306017  0.0291745   0.202214    0.02219   0.275209   0.110883   0.139711   0.103577  0.0172235 0.00265302
0.0666711 0.0301752 0.0293412  0.203532 0.0223713  0.272712  0.111273  0.140503  0.103425 0.0173493 0.0026471
 0.0667767  0.0297488   0.029508   0.204848  0.0225668   0.270184   0.111699   0.141281   0.103271  0.0174754 0.00264121
 0.0668804  0.0293228  0.0296748   0.206161  0.0227763   0.267626   0.112161   0.142043   0.103118  0.0176019 0.00263534
0.0669824 0.0288972 0.0298415   0.20747 0.0229997   0.26504  0.112658   0.14279  0.102963 0.0177286 0.0026295
 0.0670826   0.028472  0.0300082   0.208777   0.023237   0.262425   0.113189   0.143522   0.102808  0.0178556 0.00262368
  0.067181  0.0280475  0.0301746   0.210079  0.0234881   0.259783   0.113756   0.144238   0.102652  0.0179828 0.00261789
 0.0672775  0.0276237  0.0303407   0.211379  0.0237528   0.257114   0.114357   0.144938   0.102496  0.0181103 0.00261212
 0.0673722  0.0272007  0.0305064   0.212675   0.024031   0.254418   0.114992   0.145622   0.102339  0.0182381 0.00260638
 0.0674649  0.0267785  0.0306716   0.213966  0.0243226   0.251698   0.115661   0.146289   0.102181  0.0183661 0.00260066
 0.0675558  0.0263574  0.0308363   0.215254  0.0246276   0.248953   0.116364   0.146939   0.102023  0.0184943 0.00259498
 0.0676447  0.0259374  0.0310003   0.216538  0.0249457   0.246184     0.1171   0.147572   0.101865  0.0186227 0.00258932
 0.0677317  0.0255185  0.0311636   0.217817  0.0252768   0.243393   0.117869   0.148188   0.101707  0.0187513 0.00258369
 0.0678167   0.025101  0.0313261   0.219092  0.0256209    0.24058   0.118671   0.148786   0.101548  0.0188802 0.00257808
0.0678997 0.0246849 0.0314877  0.220362 0.0259778  0.237745  0.119506  0.149367  0.101388 0.0190092 0.0025725
 0.0679808  0.0242703  0.0316483   0.221628  0.0263473    0.23489   0.120372   0.149929   0.101229  0.0191383 0.00256696
 0.0680598  0.0238573  0.0318078   0.222888  0.0267294   0.232016    0.12127   0.150473   0.101069  0.0192676 0.00256144
 0.0681367   0.023446  0.0319662   0.224144  0.0271238   0.229123   0.122199   0.150999   0.100909  0.0193971 0.00255595
 0.0682117  0.0230366  0.0321232   0.225394  0.0275305   0.226212   0.123159   0.151506   0.100749  0.0195267 0.00255049
 0.0682845  0.0226291  0.0322789   0.226639  0.0279493   0.223285    0.12415   0.151994   0.100589  0.0196565 0.00254506
 0.0683553  0.0222237  0.0324332   0.227878    0.02838   0.220342    0.12517   0.152463   0.100429  0.0197863 0.00253966
0.0684239 0.0218204 0.0325859  0.229112 0.0288226  0.217383   0.12622  0.152912  0.100269 0.0199162 0.0025343
 0.0684905  0.0214194   0.032737   0.230339  0.0292767   0.214411   0.127299   0.153342    0.10011  0.0200463 0.00252896
 0.0685548  0.0210207  0.0328863   0.231561  0.0297424   0.211425   0.128406   0.153753  0.0999498  0.0201764 0.00252365
 0.0686171  0.0206246  0.0330339   0.232777  0.0302193   0.208428   0.129542   0.154144  0.0997901  0.0203066 0.00251838
 0.0686771   0.020231  0.0331795   0.233987  0.0307075   0.205418   0.130705   0.154514  0.0996307  0.0204368 0.00251314
  0.068735  0.0198402  0.0333231    0.23519  0.0312066   0.202399   0.131894   0.154865  0.0994716  0.0205671 0.00250793
 0.0687906  0.0194521  0.0334646   0.236387  0.0317166    0.19937   0.133111   0.155196  0.0993128  0.0206974 0.00250276
  0.068844   0.019067  0.0336039   0.237577  0.0322373   0.196333   0.134353   0.155506  0.0991543  0.0208277 0.00249762
 0.0688952  0.0186849  0.0337409    0.23876  0.0327684   0.193288    0.13562   0.155795  0.0989962  0.0209581 0.00249251
 0.0689441   0.018306  0.0338755   0.239936  0.0333099   0.190237   0.136913   0.156065  0.0988386  0.0210884 0.00248744
0.0689908 0.0179303 0.0340077  0.241106 0.0338616   0.18718  0.138229  0.156313 0.0986815 0.0212187 0.0024824
0.0690351  0.017558 0.0341373  0.242268 0.0344232  0.184118  0.139569  0.156541 0.0985249  0.021349 0.0024774
 0.0690772  0.0171892  0.0342643   0.243422  0.0349946   0.181053   0.140931   0.156747  0.0983689  0.0214793 0.00247243
 0.069117 0.0168239 0.0343885   0.24457 0.0355756  0.177986  0.142316  0.156933 0.0982136 0.0216095 0.0024675
0.0691544 0.0164624 0.0345099  0.245709 0.0361661  0.174916  0.143723  0.157098 0.0980589 0.0217397 0.0024626
 0.0691895  0.0161046  0.0346283   0.246841  0.0367659   0.171847    0.14515   0.157241  0.0979049  0.0218698 0.00245774
 0.0692222  0.0157508  0.0347438   0.247965  0.0373747   0.168777   0.146598   0.157364  0.0977518  0.0219998 0.00245292
 0.0692525   0.015401  0.0348562   0.249081  0.0379924   0.165709   0.148065   0.157465  0.0975994  0.0221297 0.00244813
 0.0692805  0.0150553  0.0349654   0.250189  0.0386188   0.162644   0.149551   0.157545   0.097448  0.0222595 0.00244338
 0.0693061  0.0147138  0.0350713   0.251289  0.0392537   0.159581   0.151055   0.157604  0.0972974  0.0223892 0.00243867
0.0693292 0.0143767 0.0351739  0.252381  0.039897  0.156524  0.152577  0.157642 0.0971478 0.0225187  0.002434
   0.06935  0.0140441  0.0352731   0.253463  0.0405484   0.153471   0.154115   0.157658  0.0969992  0.0226482 0.00242936
 0.0693683   0.013716  0.0353688   0.254538  0.0412077   0.150425    0.15567   0.157653  0.0968517  0.0227774 0.00242477
 0.0693842  0.0133926  0.0354609   0.255603  0.0418748   0.147386   0.157239   0.157627  0.0967052  0.0229065 0.00242021
 0.0693976  0.0130739  0.0355493    0.25666  0.0425495   0.144356   0.158823    0.15758  0.0965599  0.0230355 0.00241569
 0.0694086  0.0127601   0.035634   0.257707  0.0432315   0.141335   0.160421   0.157511  0.0964158  0.0231643 0.00241122
  0.069417  0.0124513  0.0357149   0.258746  0.0439206   0.138325   0.162031   0.157421  0.0962729  0.0232928 0.00240678
  0.069423  0.0121475  0.0357919   0.259775  0.0446168   0.135326   0.163654   0.157311  0.0961312  0.0234212 0.00240238
 0.0694265   0.011849   0.035865   0.260795  0.0453197   0.132339   0.165288   0.157179  0.0959909  0.0235493 0.00239803
 0.0694275  0.0115557  0.0359341   0.261805  0.0460292   0.129366   0.166933   0.157026  0.0958519  0.0236773 0.00239372
  0.069426  0.0112677  0.0359991   0.262806   0.046745   0.126407   0.168587   0.156853  0.0957143   0.023805 0.00238944
  0.069422  0.0109853  0.0360599   0.263797  0.0474671   0.123464   0.170251   0.156658  0.0955782  0.0239324 0.00238521
 0.0694154  0.0107084  0.0361166   0.264779  0.0481951   0.120537   0.171922   0.156443  0.0954435  0.0240596 0.00238102
 0.0694063  0.0104372   0.036169    0.26575  0.0489289   0.117627   0.173601   0.156208  0.0953103  0.0241865 0.00237688
 0.0693946  0.0101717  0.0362171   0.266711  0.0496682   0.114735   0.175286   0.155952  0.0951787  0.0243132 0.00237277
 0.0693804  0.0099121  0.0362608   0.267662  0.0504129   0.111863   0.176976   0.155675  0.0950486  0.0244395 0.00236871
 0.0693636 0.00965842  0.0363002   0.268603  0.0511629   0.109011   0.178672   0.155379  0.0949202  0.0245656  0.0023647
 0.0693443 0.00941078   0.036335   0.269533  0.0519177    0.10618   0.180371   0.155062  0.0947935  0.0246913 0.00236072
 0.0693224 0.00916926  0.0363653   0.270453  0.0526774   0.103371   0.182074   0.154726  0.0946684  0.0248168 0.00235679
 0.0692979 0.00893395  0.0363911   0.271362  0.0534416   0.100585   0.183778    0.15437  0.0945451  0.0249419 0.00235291
 0.0692708 0.00870493  0.0364123   0.272261  0.0542102  0.0978236   0.185484   0.153994  0.0944235  0.0250666 0.00234907
 0.0692411 0.00848229  0.0364289   0.273148  0.0549829  0.0950867   0.187191   0.153599  0.0943037  0.0251911 0.00234527
 0.0692088 0.00826611  0.0364408   0.274025  0.0557596  0.0923756   0.188897   0.153185  0.0941858  0.0253151 0.00234152
  0.069174 0.00805648  0.0364481    0.27489  0.0565401  0.0896912   0.190602   0.152752  0.0940697  0.0254388 0.00233782
 0.0691365 0.00785347  0.0364506   0.275745  0.0573241  0.0870345   0.192304     0.1523  0.0939555  0.0255622 0.00233416
 0.0690964 0.00765716  0.0364483   0.276588  0.0581115  0.0844063   0.194004    0.15183  0.0938433  0.0256851 0.00233054
 0.0690537 0.00746763  0.0364413   0.277419   0.058902  0.0818074     0.1957   0.151341   0.093733  0.0258076 0.00232697
 0.0690084 0.00728496  0.0364296   0.278239  0.0596955  0.0792388   0.197391   0.150835  0.0936246  0.0259298 0.00232345
 0.0689605 0.00710921   0.036413   0.279048  0.0604917  0.0767012   0.199077    0.15031  0.0935183  0.0260515 0.00231998
   0.06891 0.00694046  0.0363916   0.279844  0.0612905  0.0741957   0.200756   0.149768   0.093414  0.0261728 0.00231655
 0.0688568 0.00677878  0.0363654   0.280629  0.0620916  0.0717228   0.202428   0.149209  0.0933118  0.0262937 0.00231317
  0.068801 0.00662424  0.0363344   0.281402  0.0628949  0.0692836   0.204092   0.148633  0.0932116  0.0264142 0.00230984
 0.0687426  0.0064769  0.0362986   0.282163  0.0637001  0.0668788   0.205746    0.14804  0.0931136  0.0265342 0.00230655
 0.0686816 0.00633683   0.036258   0.282912  0.0645071  0.0645091   0.207391    0.14743  0.0930176  0.0266538 0.00230331
  0.068618 0.00620409  0.0362126   0.283648  0.0653156  0.0621754   0.209025   0.146804  0.0929238  0.0267729 0.00230012
 0.0685517 0.00607874  0.0361623   0.284372  0.0661255  0.0598785   0.210648   0.146163  0.0928322  0.0268915 0.00229698
 0.0684828 0.00596085  0.0361073   0.285083  0.0669366   0.057619   0.212258   0.145506  0.0927428  0.0270096 0.00229389
 0.0684113 0.00585046  0.0360476   0.285782  0.0677486  0.0553978   0.213854   0.144834  0.0926555  0.0271273 0.00229084
 0.0683372 0.00574763   0.035983   0.286469  0.0685614  0.0532155   0.215437   0.144147  0.0925705  0.0272445 0.00228785
 0.0682604 0.00565242  0.0359138   0.287142  0.0693747  0.0510728   0.217004   0.143445  0.0924877  0.0273611  0.0022849
  0.068181 0.00556487  0.0358399   0.287803  0.0701884  0.0489705   0.218556    0.14273  0.0924072  0.0274773   0.002282
  0.068099 0.00548505  0.0357613    0.28845  0.0710023  0.0469093   0.220092      0.142  0.0923289   0.027593 0.00227915
 0.0680144 0.00541299  0.0356782   0.289085  0.0718162  0.0448897   0.221609   0.141257  0.0922529  0.0277081 0.00227636
 0.0679272 0.00534874  0.0355904   0.289706  0.0726299  0.0429125   0.223109   0.140501  0.0921792  0.0278227 0.00227361
 0.0678374 0.00529234  0.0354981   0.290314  0.0734432  0.0409782   0.224589   0.139731  0.0921078  0.0279368 0.00227091
  0.067745 0.00524384  0.0354013   0.290909  0.0742559  0.0390876    0.22605    0.13895  0.0920387  0.0280503 0.00226826
   0.06765 0.00520327  0.0353002    0.29149  0.0750678  0.0372411    0.22749   0.138156  0.0919719  0.0281633 0.00226566
 0.0675524 0.00517068  0.0351946   0.292058  0.0758788  0.0354393   0.228909   0.137351  0.0919074  0.0282757 0.00226311
 0.0674522 0.00514609  0.0350847   0.292612  0.0766886  0.0336829   0.230305   0.136535  0.0918453  0.0283876 0.00226062
 0.0673494 0.00512955  0.0349706   0.293152  0.0774971  0.0319723   0.231679   0.135708  0.0917854  0.0284989 0.00225817
  0.067244 0.00512109  0.0348523   0.293678  0.0783041  0.0303081   0.233029    0.13487  0.0917279  0.0286096 0.00225578
 0.0671361 0.00512072  0.0347299    0.29419  0.0791094  0.0286908   0.234354   0.134022  0.0916728  0.0287198 0.00225343
 0.0670256 0.00512849  0.0346034   0.294689  0.0799127  0.0271209   0.235655   0.133165    0.09162  0.0288294 0.00225114
 0.0669126 0.00514442   0.034473   0.295173  0.0807141  0.0255988   0.236929   0.132298  0.0915695  0.0289384  0.0022489
  0.066797 0.00516853  0.0343388   0.295642  0.0815131   0.024125   0.238178   0.131423  0.0915213  0.0290468  0.0022467
 0.0666788 0.00520084  0.0342007   0.296098  0.0823098  0.0226999   0.239398   0.130539  0.0914755  0.0291545 0.00224457
 0.0665581 0.00524137   0.034059   0.296539  0.0831038   0.021324   0.240591   0.129647   0.091432  0.0292617 0.00224248
 0.0664349 0.00529015  0.0339137   0.296965  0.0838951  0.0199976   0.241756   0.128748  0.0913909  0.0293683 0.00224044
 0.0663092 0.00534719  0.0337649   0.297377  0.0846834  0.0187211   0.242891   0.127841   0.091352  0.0294743 0.00223846
  0.066181  0.0054125  0.0336126   0.297774  0.0854685  0.0174949   0.243996   0.126928  0.0913155  0.0295796 0.00223652
 0.0660502 0.00548609  0.0334571   0.298156  0.0862504  0.0163193   0.245071   0.126009  0.0912813  0.0296844 0.00223464
  0.065917 0.00556798  0.0332985   0.298524  0.0870288  0.0151945   0.246115   0.125084  0.0912494  0.0297885 0.00223281
 0.0657813 0.00565817  0.0331367   0.298876  0.0878035   0.014121   0.247127   0.124154  0.0912197  0.0298919 0.00223104
 0.0656431 0.00575668   0.032972   0.299213  0.0885745  0.0130989   0.248107   0.123218  0.0911924  0.0299948 0.00222931
 0.0655025  0.0058635  0.0328045   0.299535  0.0893414  0.0121285   0.249054   0.122279  0.0911673   0.030097 0.00222764
 0.0653594 0.00597863  0.0326342   0.299842  0.0901042  0.0112101   0.249968   0.121335  0.0911444  0.0301985 0.00222602
 0.0652138 0.00610209  0.0324614   0.300133  0.0908628  0.0103439   0.250848   0.120388  0.0911238  0.0302994 0.00222445
 0.0650659 0.00623387  0.0322862   0.300409  0.0916168 0.00952998   0.251693   0.119437  0.0911055  0.0303997 0.00222294
 0.0649155 0.00637397  0.0321086    0.30067  0.0923662  0.0087686   0.252503   0.118484  0.0910893  0.0304993 0.00222147
 0.0647627 0.00652237  0.0319288   0.300914  0.0931108 0.00805989   0.253278   0.117529  0.0910753  0.0305982 0.00222006
 0.0646076 0.00667909  0.0317471   0.301143  0.0938504 0.00740397   0.254018   0.116572  0.0910635  0.0306965  0.0022187
   0.06445 0.00684411  0.0315634   0.301357   0.094585 0.00680096    0.25472   0.115614  0.0910539  0.0307942  0.0022174
 0.0642901 0.00701741  0.0313779   0.301554  0.0953143 0.00625093   0.255386   0.114655  0.0910464  0.0308911 0.00221614
 0.0641278   0.007199  0.0311909   0.301736  0.0960382 0.00575395   0.256015   0.113696   0.091041  0.0309874 0.00221494
 0.0639632 0.00738886  0.0310024   0.301901  0.0967565 0.00531007   0.256607   0.112737  0.0910376   0.031083 0.00221379
 0.0637963 0.00758697  0.0308126   0.302051  0.0974691 0.00491931    0.25716   0.111778  0.0910364  0.0311779 0.00221269
  0.063627 0.00779332  0.0306216   0.302184  0.0981758 0.00458166   0.257675    0.11082  0.0910372  0.0312722 0.00221165
 0.0634555 0.00800789  0.0304297   0.302301  0.0988765 0.00429712   0.258152   0.109864    0.09104  0.0313658 0.00221066
 0.0632817 0.00823067  0.0302369   0.302401  0.0995711 0.00406563   0.258589    0.10891  0.0910449  0.0314587 0.00220972
 0.0631056 0.00846162  0.0300435   0.302486   0.100259 0.00388715   0.258988   0.107958  0.0910517  0.0315509 0.00220883
 0.0629273 0.00870074  0.0298496   0.302553   0.100941 0.00376159   0.259347   0.107009  0.0910604  0.0316424 0.00220799
 0.0627467   0.008948  0.0296554   0.302605   0.101616 0.00368884   0.259666   0.106063  0.0910711  0.0317333 0.00220721
 0.0625639 0.00920338   0.029461   0.302639   0.102285 0.00366879   0.259944   0.105121  0.0910836  0.0318234 0.00220648
 0.0623789 0.00946684  0.0292666   0.302657   0.102947 0.00370128   0.260183   0.104183  0.0910981  0.0319129  0.0022058
 0.0621917 0.00973836  0.0290725   0.302658   0.103601 0.00378617   0.260381   0.103249  0.0911143  0.0320017 0.00220517
 0.0620024  0.0100179  0.0288787   0.302643   0.104249 0.00392325   0.260539   0.102321  0.0911324  0.0320898 0.00220459
 0.0618109  0.0103055  0.0286854    0.30261   0.104889 0.00411234   0.260655   0.101398  0.0911522  0.0321771 0.00220407
 0.0616172   0.010601  0.0284928   0.302561   0.105522 0.00435321   0.260731   0.100481  0.0911738  0.0322638  0.0022036
 0.0614214  0.0109045  0.0283012   0.302494   0.106148  0.0046456   0.260766    0.09957   0.091197  0.0323498 0.00220318
 0.0612236  0.0112159  0.0281106   0.302411   0.106765 0.00498927   0.260759  0.0986658   0.091222  0.0324351 0.00220281
 0.0610236  0.0115351  0.0279213    0.30231   0.107375 0.00538392   0.260711  0.0977688  0.0912486  0.0325196 0.00220249
 0.0608216  0.0118622  0.0277335   0.302192   0.107978 0.00582925   0.260622  0.0968793  0.0912768  0.0326035 0.00220222
 0.0606176  0.0121972  0.0275472   0.302057   0.108572 0.00632495   0.260491  0.0959978  0.0913066  0.0326867 0.00220201
 0.0604115  0.0125398  0.0273628   0.301905   0.109158 0.00687066   0.260319  0.0951245  0.0913379  0.0327692 0.00220185
 0.0602034  0.0128902  0.0271804   0.301735   0.109736 0.00746604   0.260105    0.09426  0.0913707  0.0328509 0.00220173
 0.0599933  0.0132483  0.0270002   0.301549   0.110305  0.0081107    0.25985  0.0934047   0.091405   0.032932 0.00220167
 0.0597812   0.013614  0.0268224   0.301344   0.110866 0.00880425   0.259554  0.0925588  0.0914407  0.0330123 0.00220166
 0.0595672  0.0139873  0.0266471   0.301122   0.111419 0.00954627   0.259216  0.0917228  0.0914778   0.033092  0.0022017
 0.0593513  0.0143682  0.0264746   0.300883   0.111963  0.0103363   0.258837  0.0908971  0.0915163  0.0331709 0.00220179
 0.0591335  0.0147566   0.026305   0.300627   0.112498   0.011174   0.258417   0.090082  0.0915561  0.0332491 0.00220193
 0.0589137  0.0151525  0.0261386   0.300352   0.113024  0.0120588   0.257956  0.0892779  0.0915972  0.0333266 0.00220212
 0.0586921  0.0155559  0.0259754    0.30006   0.113541  0.0129902   0.257454  0.0884852  0.0916396  0.0334034 0.00220236
 0.0584686  0.0159666  0.0258158   0.299751   0.114049  0.0139677   0.256912  0.0877041  0.0916831  0.0334795 0.00220265
 0.0582433  0.0163846  0.0256598   0.299424   0.114548  0.0149909   0.256328  0.0869351  0.0917279  0.0335549 0.00220299
 0.0580163  0.0168099  0.0255077   0.299079   0.115038  0.0160591   0.255705  0.0861784  0.0917737  0.0336296 0.00220338
 0.0577874  0.0172425  0.0253597   0.298717   0.115518  0.0171719   0.255041  0.0854344  0.0918207  0.0337035 0.00220382
 0.0575567  0.0176823  0.0252159   0.298337   0.115989  0.0183287   0.254337  0.0847035  0.0918687  0.0337768 0.00220431
 0.0573243  0.0181292  0.0250765   0.297939   0.116451  0.0195288   0.253594  0.0839859  0.0919177  0.0338493 0.00220484
 0.0570902  0.0185833  0.0249418   0.297523   0.116903  0.0207717   0.252811  0.0832819  0.0919677  0.0339211 0.00220543
 0.0568544  0.0190443  0.0248118    0.29709   0.117345  0.0220568   0.251989  0.0825918  0.0920187  0.0339922 0.00220606
 0.0566169  0.0195124  0.0246868   0.296639   0.117777  0.0233834   0.251128   0.081916  0.0920705  0.0340626 0.00220675
 0.0563778  0.0199874  0.0245669   0.296171   0.118199   0.024751   0.250229  0.0812546  0.0921232  0.0341323 0.00220748
  0.056137  0.0204693  0.0244524   0.295684   0.118612  0.0261588   0.249292   0.080608  0.0921768  0.0342013 0.00220826
 0.0558946  0.0209581  0.0243433    0.29518   0.119014  0.0276062   0.248317  0.0799765  0.0922311  0.0342696 0.00220908
 0.0556506  0.0214537  0.0242399   0.294658   0.119407  0.0290925   0.247305  0.0793603  0.0922862  0.0343371 0.00220996
 0.0554051  0.0219559  0.0241423   0.294119   0.119789   0.030617   0.246256  0.0787596  0.0923419   0.034404 0.00221088
  0.055158  0.0224649  0.0240508   0.293562   0.120161   0.032179    0.24517  0.0781747  0.0923984  0.0344701 0.00221185
 0.0549094  0.0229805  0.0239654   0.292987   0.120523  0.0337777   0.244048  0.0776058  0.0924554  0.0345355 0.00221286
 0.0546593  0.0235027  0.0238863   0.292394   0.120874  0.0354126   0.242891  0.0770531  0.0925131  0.0346002 0.00221392
 0.0544077  0.0240315  0.0238138   0.291784   0.121215  0.0370827   0.241698  0.0765169  0.0925713  0.0346642 0.00221503
 0.0541547  0.0245667  0.0237479   0.291156   0.121545  0.0387874   0.240471  0.0759973    0.09263  0.0347275 0.00221618
 0.0539003  0.0251083  0.0236888   0.290511   0.121865   0.040526   0.239209  0.0754946  0.0926892    0.03479 0.00221738
 0.0536445  0.0256563  0.0236367   0.289848   0.122175  0.0422975   0.237914   0.075009  0.0927489  0.0348519 0.00221863
 0.0533873  0.0262105  0.0235916   0.289168   0.122473  0.0441013   0.236586  0.0745405  0.0928089   0.034913 0.00221992
 0.0531287  0.0267711  0.0235539    0.28847   0.122761  0.0459365   0.235225  0.0740894  0.0928693  0.0349735 0.00222125
 0.0528689  0.0273378  0.0235235   0.287755   0.123038  0.0478023   0.233832  0.0736559    0.09293  0.0350332 0.00222263
 0.0526077  0.0279107  0.0235007   0.287023   0.123305   0.049698   0.232407  0.0732401   0.092991  0.0350922 0.00222406
 0.0523453  0.0284897  0.0234856   0.286273   0.123561  0.0516228   0.230952  0.0728421  0.0930523  0.0351505 0.00222553
 0.0520816  0.0290747  0.0234783   0.285506   0.123805  0.0535757   0.229467  0.0724621  0.0931138  0.0352081 0.00222704
0.0518166 0.0296657 0.0234789  0.284722  0.124039 0.0555559  0.227952 0.0721001 0.0931755  0.035265 0.0022286
0.0515505 0.0302626 0.0234876  0.283921  0.124262 0.0575627  0.226408 0.0717564 0.0932373 0.0353211 0.0022302
 0.0512832  0.0308654  0.0235045   0.283103   0.124474  0.0595952   0.224835  0.0714309  0.0932992  0.0353766 0.00223184
 0.0510148  0.0314739  0.0235297   0.282268   0.124675  0.0616524   0.223235  0.0711239  0.0933612  0.0354313 0.00223352
 0.0507452  0.0320883  0.0235634   0.281416   0.124865  0.0637337   0.221608  0.0708353  0.0934233  0.0354854 0.00223525
 0.0504746  0.0327083  0.0236055   0.280548   0.125044   0.065838   0.219955  0.0705653  0.0934854  0.0355387 0.00223702
 0.0502029   0.033334  0.0236563   0.279663   0.125212  0.0679645   0.218276  0.0703139  0.0935474  0.0355913 0.00223883
 0.0499301  0.0339653  0.0237159   0.278761   0.125369  0.0701124   0.216572  0.0700812  0.0936094  0.0356432 0.00224068
 0.0496563  0.0346021  0.0237843   0.277842   0.125515  0.0722807   0.214844  0.0698672  0.0936713  0.0356944 0.00224258
 0.0493815  0.0352443  0.0238616   0.276908   0.125649  0.0744687   0.213092   0.069672  0.0937331  0.0357449 0.00224451
 0.0491058   0.035892   0.023948   0.275957   0.125773  0.0766753   0.211318  0.0694955  0.0937948  0.0357946 0.00224649
0.0488291 0.0365451 0.0240435   0.27499  0.125885 0.0788998  0.209522 0.0693379 0.0938563 0.0358437 0.0022485
 0.0485515  0.0372035  0.0241481   0.274006   0.125986  0.0811411   0.207704  0.0691991  0.0939176  0.0358921 0.00225056
 0.0482731  0.0378671  0.0242621   0.273007   0.126076  0.0833985   0.205866  0.0690791  0.0939786  0.0359397 0.00225265
 0.0479937  0.0385359  0.0243853   0.271992   0.126155  0.0856711   0.204008  0.0689779  0.0940394  0.0359866 0.00225479
 0.0477136  0.0392099   0.024518   0.270962   0.126222  0.0879578   0.202131  0.0688955  0.0940999  0.0360329 0.00225696
 0.0474326  0.0398889  0.0246601   0.269916   0.126279  0.0902579   0.200236  0.0688319  0.0941601  0.0360784 0.00225917
 0.0471508   0.040573  0.0248117   0.268854   0.126324  0.0925705   0.198324   0.068787  0.0942199  0.0361232 0.00226142
0.0468683  0.041262 0.0249729  0.267778  0.126358 0.0948946  0.196395 0.0687608 0.0942794 0.0361673 0.0022637
 0.0465851   0.041956  0.0251437   0.266686   0.126381  0.0972294    0.19445  0.0687533  0.0943385  0.0362106 0.00226603
 0.0463012  0.0426548  0.0253242   0.265579   0.126393  0.0995739   0.192491  0.0687643  0.0943972  0.0362533 0.00226839
 0.0460166  0.0433584  0.0255143   0.264458   0.126394   0.101927   0.190517  0.0687938  0.0944554  0.0362952 0.00227079
 0.0457314  0.0440668  0.0257142   0.263322   0.126383   0.104289    0.18853  0.0688418  0.0945132  0.0363365 0.00227322
 0.0454456  0.0447799  0.0259238   0.262171   0.126362   0.106657    0.18653   0.068908  0.0945705   0.036377 0.00227569
0.0451591 0.0454976 0.0261432  0.261006  0.126329  0.109032  0.184519 0.0689926 0.0946273 0.0364168 0.0022782
 0.0448721  0.0462199  0.0263723   0.259827   0.126286   0.111412   0.182496  0.0690952  0.0946836  0.0364559 0.00228074
 0.0445846  0.0469467  0.0266112   0.258634   0.126231   0.113796   0.180464   0.069216  0.0947393  0.0364943 0.00228331
 0.0442966   0.047678  0.0268599   0.257427   0.126165   0.116184   0.178422  0.0693546  0.0947945   0.036532 0.00228592
 0.0440081  0.0484137  0.0271184   0.256207   0.126089   0.118574   0.176372   0.069511  0.0948491   0.036569 0.00228856
 0.0437192  0.0491537  0.0273867   0.254973   0.126001   0.120967   0.174315   0.069685  0.0949031  0.0366052 0.00229124
 0.0434298  0.0498981  0.0276648   0.253726   0.125903    0.12336   0.172251  0.0698766  0.0949564  0.0366407 0.00229395
 0.0431401  0.0506467  0.0279526   0.252466   0.125794   0.125753    0.17018  0.0700856  0.0950092  0.0366755 0.00229669
   0.04285  0.0513995  0.0282501   0.251193   0.125674   0.128146   0.168105  0.0703117  0.0950613  0.0367096 0.00229947
 0.0425595  0.0521565  0.0285573   0.249908   0.125543   0.130537   0.166026  0.0705549  0.0951128   0.036743 0.00230228
 0.0422688  0.0529175  0.0288743   0.248611   0.125402   0.132925   0.163943   0.070815  0.0951635  0.0367757 0.00230512
 0.0419778  0.0536825  0.0292008   0.247301   0.125249    0.13531   0.161858  0.0710917  0.0952136  0.0368076 0.00230799
 0.0416865  0.0544516  0.0295369   0.245979   0.125087   0.137691   0.159771   0.071385   0.095263  0.0368389 0.00231089
  0.041395  0.0552245  0.0298826   0.244645   0.124913   0.140067   0.157683  0.0716946  0.0953117  0.0368694 0.00231382
 0.0411033  0.0560013  0.0302378     0.2433    0.12473   0.142437   0.155595  0.0720203  0.0953597  0.0368992 0.00231678
 0.0408114  0.0567818  0.0306024   0.241944   0.124535   0.144801   0.153507   0.072362  0.0954069  0.0369282 0.00231977
 0.0405194  0.0575662  0.0309763   0.240577   0.124331   0.147157   0.151422  0.0727194  0.0954535  0.0369566 0.00232279
 0.0402273  0.0583542  0.0313596   0.239199   0.124116   0.149505   0.149338  0.0730923  0.0954992  0.0369842 0.00232584
 0.0399351  0.0591458   0.031752    0.23781    0.12389   0.151844   0.147258  0.0734805  0.0955442  0.0370111 0.00232892
 0.0396429   0.059941  0.0321536   0.236411   0.123655   0.154173   0.145182  0.0738838  0.0955885  0.0370373 0.00233203
 0.0393506  0.0607397  0.0325643   0.235002   0.123409   0.156492    0.14311  0.0743019   0.095632  0.0370627 0.00233516
 0.0390583  0.0615418   0.032984   0.233583   0.123154   0.158799   0.141045  0.0747346  0.0956747  0.0370875 0.00233832
 0.0387661  0.0623474  0.0334125   0.232155   0.122888   0.161095   0.138985  0.0751816  0.0957166  0.0371115 0.00234151
 0.0384739  0.0631562  0.0338498   0.230717   0.122613   0.163377   0.136933  0.0756428  0.0957578  0.0371347 0.00234472
 0.0381818  0.0639684  0.0342958   0.229271   0.122327   0.165646   0.134888  0.0761179  0.0957982  0.0371573 0.00234796
 0.0378899  0.0647838  0.0347503   0.227815   0.122032   0.167901   0.132852  0.0766066  0.0958378  0.0371791 0.00235122
 0.0375981  0.0656023  0.0352133   0.226351   0.121727   0.170142   0.130826  0.0771087  0.0958766  0.0372002 0.00235451
 0.0373064  0.0664239  0.0356847   0.224879   0.121413   0.172366    0.12881  0.0776238  0.0959147  0.0372206 0.00235783
 0.0370149  0.0672486  0.0361642   0.223399   0.121089   0.174574   0.126805  0.0781519  0.0959519  0.0372402 0.00236116
 0.0367237  0.0680762  0.0366519   0.221911   0.120756   0.176766   0.124811  0.0786925  0.0959884  0.0372591 0.00236453
 0.0364327  0.0689068  0.0371475   0.220416   0.120414   0.178939    0.12283  0.0792454  0.0960241  0.0372773 0.00236791
 0.0361421  0.0697402  0.0376509   0.218913   0.120062   0.181095   0.120862  0.0798103   0.096059  0.0372947 0.00237132
 0.0358517  0.0705764   0.038162   0.217404   0.119701   0.183231   0.118907   0.080387  0.0960931  0.0373114 0.00237475
0.0355616 0.0714153 0.0386807  0.215888  0.119331  0.185348  0.116968 0.0809752 0.0961264 0.0373274 0.0023782
  0.035272  0.0722569  0.0392068   0.214366   0.118952   0.187445   0.115043  0.0815746   0.096159  0.0373426 0.00238168
 0.0349827  0.0731011  0.0397401   0.212838   0.118565   0.189522   0.113134  0.0821849  0.0961908  0.0373571 0.00238517
 0.0346938  0.0739479  0.0402805   0.211304   0.118168   0.191576   0.111242  0.0828059  0.0962218  0.0373708 0.00238869
 0.0344054  0.0747971  0.0408279   0.209765   0.117763    0.19361   0.109366  0.0834372  0.0962521  0.0373838 0.00239222
 0.0341175  0.0756487   0.041382   0.208221    0.11735    0.19562   0.107509  0.0840785  0.0962816  0.0373961 0.00239578
 0.0338301  0.0765027  0.0419428   0.206672   0.116928   0.197608    0.10567  0.0847296  0.0963104  0.0374077 0.00239935
 0.0335432   0.077359    0.04251   0.205118   0.116497   0.199572    0.10385  0.0853902  0.0963385  0.0374185 0.00240295
 0.0332569  0.0782174  0.0430835    0.20356   0.116059   0.201512   0.102049    0.08606  0.0963658  0.0374285 0.00240656
 0.0329711   0.079078  0.0436631   0.201999   0.115613   0.203428   0.100269  0.0867387  0.0963924  0.0374378 0.00241019
  0.032686  0.0799407  0.0442486   0.200433   0.115158   0.205319  0.0985099   0.087426  0.0964183  0.0374464 0.00241384
0.0324015 0.0808055 0.0448398  0.198864  0.114696  0.207184 0.0967718 0.0881216 0.0964434 0.0374542 0.0024175
 0.0321177  0.0816721  0.0454366   0.197293   0.114226   0.209024  0.0950556  0.0888252  0.0964679  0.0374613 0.00242119
 0.0318346  0.0825406  0.0460388   0.195718   0.113748   0.210837  0.0933619  0.0895365  0.0964917  0.0374676 0.00242488
0.0315521  0.083411 0.0466462  0.194141  0.113263  0.212623 0.0916911 0.0902553 0.0965149 0.0374732 0.0024286
 0.0312705  0.0842831  0.0472585   0.192563   0.112771   0.214382  0.0900437  0.0909812  0.0965373   0.037478 0.00243233
 0.0309896  0.0851568  0.0478757   0.190982   0.112272   0.216113  0.0884203  0.0917139  0.0965592  0.0374821 0.00243607
 0.0307095  0.0860321  0.0484975     0.1894   0.111765   0.217816  0.0868213  0.0924532  0.0965803  0.0374855 0.00243983
0.0304302  0.086909 0.0491236  0.187816  0.111251  0.219491 0.0852471 0.0931987 0.0966009 0.0374881 0.0024436
 0.0301518  0.0877872   0.049754   0.186232   0.110731   0.221138  0.0836983  0.0939502  0.0966208  0.0374899 0.00244739
 0.0298742  0.0886669  0.0503884   0.184647   0.110204   0.222755  0.0821752  0.0947073  0.0966402   0.037491 0.00245119
0.0295976 0.0895479 0.0510266  0.183062   0.10967  0.224343 0.0806783 0.0954699 0.0966589 0.0374913  0.002455
 0.0293219    0.09043  0.0516685   0.181477    0.10913   0.225901   0.079208  0.0962375  0.0966771  0.0374909 0.00245883
 0.0290471  0.0913134  0.0523137   0.179892   0.108583   0.227429  0.0777647    0.09701  0.0966947  0.0374897 0.00246266
 0.0287733  0.0921978  0.0529621   0.178308    0.10803   0.228926  0.0763486   0.097787  0.0967118  0.0374878 0.00246651
 0.0285005  0.0930832  0.0536135   0.176725   0.107472   0.230394  0.0749603  0.0985682  0.0967283  0.0374851 0.00247037
 0.0282287  0.0939695  0.0542676   0.175144   0.106907    0.23183  0.0735999  0.0993534  0.0967444  0.0374817 0.00247424
  0.027958  0.0948566  0.0549244   0.173563   0.106337   0.233235   0.072268   0.100142  0.0967599  0.0374775 0.00247812
 0.0276884  0.0957445  0.0555834   0.171985   0.105761   0.234609  0.0709646   0.100935  0.0967749  0.0374726 0.00248201
 0.0274198  0.0966331  0.0562447   0.170409   0.105179   0.235952  0.0696902    0.10173  0.0967895  0.0374669 0.00248591
 0.0271524  0.0975223  0.0569078   0.168835   0.104593   0.237262   0.068445   0.102529  0.0968036  0.0374604 0.00248981
 0.0268861   0.098412  0.0575727   0.167264   0.104001   0.238541  0.0672293    0.10333  0.0968173  0.0374532 0.00249373
  0.026621  0.0993021   0.058239   0.165696   0.103404   0.239788  0.0660433   0.104133  0.0968306  0.0374452 0.00249765
