 0.00161562   0.0107105   0.0231788    0.236275   0.0960473   0.0384002    0.553755   0.0289171   0.0064297  0.00455054 0.000120155
 0.00162867   0.0108922   0.0232058    0.235336   0.0956458   0.0377508    0.554477   0.0297253  0.00662412  0.00459527 0.000118979
 0.00164179    0.011076   0.0232309    0.234403     0.09524   0.0371006    0.555181   0.0305464  0.00682268  0.00464048 0.000117819
   0.001655   0.0112617   0.0232543    0.233476     0.09483   0.0364498    0.555865   0.0313802  0.00702542  0.00468618 0.000116673
 0.00166829   0.0114494   0.0232758    0.232555   0.0944158   0.0357988     0.55653   0.0322267  0.00723234  0.00473236 0.000115544
 0.00168166   0.0116392   0.0232955     0.23164   0.0939974   0.0351476    0.557176   0.0330857  0.00744349  0.00477904 0.000114432
 0.00169511   0.0118309   0.0233134    0.230732   0.0935748   0.0344965    0.557802   0.0339571  0.00765887  0.00482621 0.000113338
 0.00170864   0.0120246   0.0233295     0.22983   0.0931481   0.0338458    0.558407   0.0348409  0.00787852  0.00487387 0.000112261
 0.00172226   0.0122203   0.0233437    0.228935   0.0927174   0.0331957    0.558993   0.0357369  0.00810245  0.00492203 0.000111204
 0.00173596    0.012418    0.023356    0.228046   0.0922827   0.0325463    0.559559    0.036645  0.00833069  0.00497068 0.000110166
 0.00174974   0.0126178   0.0233665    0.227163   0.0918441    0.031898    0.560104   0.0375652  0.00856325  0.00501984 0.000109149
  0.0017636   0.0128195    0.023375    0.226286   0.0914015   0.0312509    0.560628   0.0384972  0.00880016  0.00506949 0.000108153
 0.00177755   0.0130232   0.0233818    0.225416    0.090955   0.0306052    0.561132   0.0394411  0.00904145  0.00511965 0.000107178
 0.00179158    0.013229   0.0233866    0.224553   0.0905048   0.0299612    0.561614   0.0403966  0.00928712  0.00517032 0.000106226
  0.0018057   0.0134368   0.0233895    0.223696   0.0900507   0.0293191    0.562075   0.0413637  0.00953721  0.00522149 0.000105296
  0.0018199   0.0136465   0.0233905    0.222845    0.089593   0.0286791    0.562515   0.0423423  0.00979172  0.00527316 0.000104391
0.00183419  0.0138583  0.0233897   0.222001  0.0891315  0.0280414   0.562933  0.0433321  0.0100507 0.00532535 0.00010351
 0.00184856   0.0140721   0.0233869    0.221163   0.0886665   0.0274063    0.563329   0.0443332   0.0103141  0.00537805 0.000102655
 0.00186301   0.0142878   0.0233822    0.220332   0.0881979    0.026774    0.563703   0.0453454    0.010582  0.00543126 0.000101825
 0.00187755   0.0145056   0.0233755    0.219507   0.0877258   0.0261446    0.564055   0.0463685   0.0108545  0.00548498 0.000101022
 0.00189218   0.0147254    0.023367    0.218689   0.0872502   0.0255185    0.564385   0.0474024   0.0111314  0.00553922 0.000100247
 0.00190689   0.0149472   0.0233565    0.217877   0.0867712   0.0248958    0.564692   0.0484471   0.0114129  0.00559398 9.95002e-05
 0.00192169    0.015171   0.0233441    0.217072   0.0862889   0.0242767    0.564976   0.0495024    0.011699  0.00564925 9.87824e-05
 0.00193657   0.0153968   0.0233297    0.216273   0.0858033   0.0236615    0.565238   0.0505681   0.0119896  0.00570504 9.80943e-05
 0.00195155   0.0156245   0.0233134    0.215481   0.0853145   0.0230504    0.565477   0.0516441   0.0122848  0.00576136 9.74369e-05
  0.0019666   0.0158543   0.0232952    0.214696   0.0848225   0.0224435    0.565692   0.0527303   0.0125846  0.00581819 9.68109e-05
 0.00198175   0.0160861    0.023275    0.213917   0.0843274   0.0218411    0.565885   0.0538266   0.0128891  0.00587555 9.62171e-05
 0.00199698   0.0163198   0.0232528    0.213144   0.0838292   0.0212435    0.566053   0.0549328   0.0131981  0.00593343 9.56563e-05
  0.0020123   0.0165555   0.0232288    0.212378   0.0833281   0.0206507    0.566199   0.0560487   0.0135119  0.00599184 9.51294e-05
0.00202771  0.0167932  0.0232027   0.211619   0.082824  0.0200631    0.56632  0.0571743  0.0138303 0.00605077 9.4637e-05
 0.00204321   0.0170329   0.0231747    0.210866   0.0823171   0.0194809    0.566418   0.0583095   0.0141534  0.00611023 9.41801e-05
  0.0020588   0.0172746   0.0231448     0.21012   0.0818074   0.0189041    0.566491   0.0594539   0.0144812  0.00617022 9.37595e-05
0.00207447  0.0175182  0.0231129    0.20938  0.0812949  0.0183332   0.566541  0.0606076  0.0148137 0.00623074 9.3376e-05
 0.00209023   0.0177638    0.023079    0.208647   0.0807798   0.0177681    0.566566   0.0617704   0.0151509  0.00629179 9.30305e-05
 0.00210609   0.0180113   0.0230432     0.20792    0.080262   0.0172093    0.566567   0.0629421   0.0154928  0.00635336 9.27238e-05
 0.00212203   0.0182608   0.0230055      0.2072   0.0797418   0.0166567    0.566543   0.0641226   0.0158395  0.00641547 9.24567e-05
 0.00213806   0.0185122   0.0229658    0.206486    0.079219   0.0161107    0.566495   0.0653118    0.016191  0.00647811 9.22301e-05
0.00215419  0.0187655  0.0229241   0.205779  0.0786939  0.0155715   0.566422  0.0665094  0.0165472 0.00654129 9.2045e-05
  0.0021704   0.0190208   0.0228805    0.205078   0.0781665   0.0150392    0.566324   0.0677154   0.0169082  0.00660499 9.19021e-05
  0.0021867    0.019278    0.022835    0.204384   0.0776368   0.0145141    0.566201   0.0689296    0.017274  0.00666923 9.18024e-05
  0.0022031   0.0195371   0.0227875    0.203696   0.0771049   0.0139962    0.566053   0.0701518   0.0176446  0.00673401 9.17467e-05
 0.00221958   0.0197982    0.022738    0.203014   0.0765709   0.0134859     0.56588   0.0713819     0.01802  0.00679932 9.17359e-05
0.00223616  0.0200611  0.0226867   0.202339  0.0760348  0.0129833   0.565682  0.0726197  0.0184002 0.00686517 9.1771e-05
 0.00225283   0.0203259   0.0226334    0.201671   0.0754968   0.0124885    0.565458   0.0738652   0.0187852  0.00693155 9.18528e-05
 0.00226959   0.0205926   0.0225782    0.201009   0.0749569   0.0120018    0.565209    0.075118   0.0191751  0.00699846 9.19822e-05
 0.00228645   0.0208612    0.022521    0.200353   0.0744152   0.0115234    0.564934   0.0763781   0.0195698  0.00706592 9.21602e-05
 0.00230339   0.0211316    0.022462    0.199703   0.0738718   0.0110534    0.564634   0.0776454   0.0199694  0.00713391 9.23877e-05
 0.00232043   0.0214039    0.022401     0.19906   0.0733266    0.010592    0.564307   0.0789196   0.0203738  0.00720243 9.26656e-05
 0.00233757   0.0216781   0.0223382    0.198423   0.0727799   0.0101393    0.563956   0.0802006   0.0207831   0.0072715 9.29949e-05
 0.00235479   0.0219541   0.0222734    0.197793   0.0722317  0.00969564    0.563578   0.0814882   0.0211972  0.00734109 9.33764e-05
 0.00237211   0.0222319   0.0222067    0.197168   0.0716821  0.00926105    0.563174   0.0827823   0.0216162  0.00741123 9.38112e-05
 0.00238953   0.0225115   0.0221382     0.19655   0.0711311  0.00883573    0.562744   0.0840827   0.0220401   0.0074819 9.43002e-05
 0.00240703    0.022793   0.0220678    0.195939   0.0705788  0.00841984    0.562289   0.0853892   0.0224689  0.00755311 9.48443e-05
 0.00242464   0.0230762   0.0219955    0.195333   0.0700253  0.00801355    0.561807   0.0867018   0.0229025  0.00762486 9.54446e-05
 0.00244233   0.0233612   0.0219214    0.194734   0.0694708  0.00761701    0.561299   0.0880202   0.0233411  0.00769714 9.61019e-05
 0.00246013    0.023648   0.0218454     0.19414   0.0689152  0.00723038    0.560765   0.0893442   0.0237845  0.00776996 9.68173e-05
 0.00247802   0.0239365   0.0217675    0.193553   0.0683586  0.00685381    0.560205   0.0906737   0.0242328  0.00784332 9.75918e-05
   0.002496   0.0242268   0.0216878    0.192972   0.0678012  0.00648744    0.559618   0.0920086    0.024686  0.00791721 9.84262e-05
 0.00251408   0.0245189   0.0216064    0.192397    0.067243  0.00613143    0.559005   0.0933486   0.0251441  0.00799163 9.93217e-05
 0.00253226   0.0248126    0.021523    0.191828   0.0666841  0.00578591    0.558366   0.0946937   0.0256071  0.00806659 0.000100279
0.00255053  0.0251081  0.0214379   0.191265  0.0661246 0.00545102   0.557701  0.0960435   0.026075 0.00814208  0.0001013
  0.0025689   0.0254052    0.021351    0.190708   0.0655646  0.00512691    0.557009    0.097398   0.0265478  0.00821811 0.000102384
 0.00258736   0.0257041   0.0212624    0.190157   0.0650041   0.0048137     0.55629   0.0987571   0.0270255  0.00829467 0.000103534
0.00260593  0.0260046  0.0211719   0.189612  0.0644432 0.00451153   0.555546    0.10012  0.0275081 0.00837176 0.00010475
 0.00262459   0.0263067   0.0210797    0.189073   0.0638821  0.00422051    0.554775    0.101488   0.0279955  0.00844938 0.000106032
 0.00264335   0.0266105   0.0209858    0.188539   0.0633209  0.00394079    0.553977    0.102859   0.0284879  0.00852753 0.000107383
 0.00266221   0.0269159   0.0208901    0.188012   0.0627595  0.00367246    0.553153    0.104235   0.0289851  0.00860622 0.000108803
 0.00268117   0.0272229   0.0207927     0.18749   0.0621981  0.00341567    0.552303    0.105614   0.0294873  0.00868543 0.000110294
 0.00270022   0.0275315   0.0206937    0.186974   0.0616368  0.00317051    0.551426    0.106996   0.0299943  0.00876517 0.000111855
 0.00271938   0.0278417   0.0205929    0.186463   0.0610757  0.00293709    0.550523    0.108382   0.0305061  0.00884543 0.000113489
 0.00273863   0.0281534   0.0204904    0.185958   0.0605148  0.00271554    0.549594    0.109771   0.0310229  0.00892622 0.000115196
 0.00275799   0.0284667   0.0203863    0.185459   0.0599543  0.00250594    0.548638    0.111163   0.0315445  0.00900754 0.000116977
 0.00277744   0.0287815   0.0202806    0.184965   0.0593942   0.0023084    0.547656    0.112557    0.032071  0.00908938 0.000118834
 0.00279699   0.0290978   0.0201732    0.184477   0.0588347  0.00212302    0.546648    0.113954   0.0326023  0.00917174 0.000120767
 0.00281665   0.0294156   0.0200643    0.183995   0.0582757  0.00194988    0.545613    0.115354   0.0331384  0.00925462 0.000122778
 0.00283641   0.0297348   0.0199537    0.183518   0.0577175  0.00178909    0.544552    0.116756   0.0336794  0.00933802 0.000124868
 0.00285626   0.0300555   0.0198416    0.183046   0.0571601  0.00164072    0.543465     0.11816   0.0342253  0.00942194 0.000127037
 0.00287622   0.0303777   0.0197279    0.182579   0.0566036  0.00150485    0.542352    0.119566   0.0347759  0.00950637 0.000129287
 0.00289628   0.0307012   0.0196126    0.182118   0.0560481  0.00138158    0.541213    0.120974   0.0353314  0.00959132 0.000131619
 0.00291645   0.0310262   0.0194959    0.181663   0.0554937  0.00127096    0.540048    0.122384   0.0358916  0.00967678 0.000134034
 0.00293671   0.0313525   0.0193776    0.181212   0.0549404  0.00117308    0.538857    0.123794   0.0364567  0.00976276 0.000136533
 0.00295708   0.0316802   0.0192579    0.180767   0.0543884    0.001088     0.53764    0.125206   0.0370265  0.00984924 0.000139118
 0.00297755   0.0320092   0.0191367    0.180326   0.0538377  0.00101578    0.536398     0.12662   0.0376011  0.00993623 0.000141788
 0.00299812   0.0323395    0.019014    0.179891   0.0532885 0.000956486     0.53513    0.128034   0.0381805   0.0100237 0.000144546
  0.0030188   0.0326712   0.0188899    0.179461   0.0527409 0.000910175    0.533836    0.129448   0.0387646   0.0101117 0.000147392
 0.00303958   0.0330041   0.0187644    0.179036   0.0521949 0.000876899    0.532516    0.130864   0.0393534   0.0102002 0.000150328
 0.00306047   0.0333382   0.0186376    0.178616   0.0516506 0.000856706    0.531171     0.13228    0.039947   0.0102892 0.000153355
 0.00308146   0.0336736   0.0185094    0.178201   0.0511082 0.000849642    0.529801    0.133696   0.0405453   0.0103787 0.000156473
 0.00310256   0.0340102   0.0183798    0.177791   0.0505676 0.000855748    0.528405    0.135112   0.0411482   0.0104687 0.000159685
 0.00312376   0.0343479   0.0182489    0.177385   0.0500291 0.000875061    0.526984    0.136528   0.0417559   0.0105592  0.00016299
 0.00314507   0.0346869   0.0181167    0.176984   0.0494927 0.000907616    0.525538    0.137943   0.0423682   0.0106502 0.000166391
 0.00316648    0.035027   0.0179833    0.176588   0.0489585 0.000953442    0.524068    0.139358   0.0429851   0.0107417 0.000169887
   0.003188   0.0353682   0.0178486    0.176197   0.0484267  0.00101256    0.522572    0.140773   0.0436067   0.0108336 0.000173482
 0.00320962   0.0357105   0.0177126     0.17581   0.0478972  0.00108501    0.521052    0.142187   0.0442329   0.0109261 0.000177175
 0.00323135   0.0360538   0.0175755    0.175428   0.0473701  0.00117079    0.519507      0.1436   0.0448637    0.011019 0.000180967
 0.00325319   0.0363982   0.0174372     0.17505   0.0468457  0.00126992    0.517938    0.145011   0.0454991   0.0111124 0.000184861
 0.00327514   0.0367436   0.0172977    0.174677    0.046324  0.00138241    0.516344    0.146422    0.046139   0.0112063 0.000188856
 0.00329719   0.0370901   0.0171571    0.174308    0.045805  0.00150828    0.514726    0.147831   0.0467835   0.0113006 0.000192955
 0.00331935   0.0374375   0.0170154    0.173944   0.0452889  0.00164751    0.513084    0.149238   0.0474324   0.0113955 0.000197158
 0.00334162   0.0377858   0.0168726    0.173584   0.0447757  0.00180012    0.511418    0.150644   0.0480859   0.0114907 0.000201466
   0.003364   0.0381351   0.0167288    0.173228   0.0442656  0.00196609    0.509729    0.152047   0.0487439   0.0115865 0.000205881
 0.00338648   0.0384853   0.0165839    0.172876   0.0437586  0.00214542    0.508016    0.153449   0.0494064   0.0116827 0.000210403
 0.00340908   0.0388363   0.0164381    0.172529   0.0432549   0.0023381    0.506279    0.154848   0.0500732   0.0117794 0.000215035
 0.00343179   0.0391882   0.0162912    0.172185   0.0427545   0.0025441    0.504519    0.156245   0.0507445   0.0118765 0.000219776
  0.0034546   0.0395409   0.0161434    0.171846   0.0422576  0.00276341    0.502736    0.157639   0.0514202   0.0119741 0.000224629
 0.00347753   0.0398944   0.0159947    0.171511   0.0417642    0.002996     0.50093     0.15903   0.0521003   0.0120722 0.000229594
 0.00350056   0.0402487   0.0158451    0.171179   0.0412744  0.00324185    0.499102    0.160419   0.0527847   0.0121706 0.000234672
 0.00352371   0.0406037   0.0156947    0.170851   0.0407882  0.00350092     0.49725    0.161804   0.0534734   0.0122696 0.000239865
 0.00354697   0.0409594   0.0155434    0.170528   0.0403059  0.00377318    0.495377    0.163186   0.0541665   0.0123689 0.000245174
0.00357033  0.0413158  0.0153913   0.170208  0.0398275 0.00405859   0.493481   0.164565  0.0548638  0.0124687  0.0002506
 0.00359382   0.0416728   0.0152384    0.169891   0.0393531   0.0043571    0.491563     0.16594   0.0555653    0.012569 0.000256144
 0.00361741   0.0420305   0.0150848    0.169579   0.0388828  0.00466867    0.489623    0.167312   0.0562711   0.0126696 0.000261807
 0.00364111   0.0423888   0.0149304     0.16927   0.0384166  0.00499324    0.487662    0.168679   0.0569811   0.0127707 0.000267591
 0.00366493   0.0427476   0.0147754    0.168964   0.0379547  0.00533077    0.485679    0.170043   0.0576953   0.0128722 0.000273496
 0.00368886    0.043107   0.0146197    0.168662   0.0374971  0.00568119    0.483675    0.171402   0.0584136   0.0129742 0.000279524
  0.0037129   0.0434669   0.0144633    0.168363    0.037044  0.00604444    0.481649    0.172757    0.059136   0.0130765 0.000285676
 0.00373706   0.0438273   0.0143064    0.168068   0.0365954  0.00642046    0.479604    0.174108   0.0598625   0.0131793 0.000291954
 0.00376133   0.0441881   0.0141489    0.167776   0.0361514  0.00680917    0.477537    0.175454   0.0605931   0.0132824 0.000298357
 0.00378571   0.0445494   0.0139909    0.167488   0.0357122  0.00721051     0.47545    0.176795   0.0613277    0.013386 0.000304888
 0.00381021    0.044911   0.0138323    0.167202   0.0352777  0.00762439    0.473343    0.178131   0.0620663     0.01349 0.000311547
 0.00383483   0.0452731   0.0136733     0.16692   0.0348481  0.00805074    0.471216    0.179462   0.0628089   0.0135943 0.000318336
 0.00385955   0.0456354   0.0135138    0.166641   0.0344235  0.00848948    0.469069    0.180788   0.0635554   0.0136991 0.000325256
  0.0038844   0.0459981    0.013354    0.166364    0.034004  0.00894051    0.466903    0.182109   0.0643058   0.0138042 0.000332308
 0.00390936    0.046361   0.0131937    0.166091   0.0335896  0.00940374    0.464718    0.183424   0.0650601   0.0139098 0.000339493
 0.00393443   0.0467242   0.0130331    0.165821   0.0331805  0.00987908    0.462514    0.184733   0.0658182   0.0140157 0.000346813
 0.00395962   0.0470876   0.0128722    0.165554   0.0327766   0.0103664    0.460291    0.186037   0.0665802   0.0141219 0.000354268
0.00398493  0.0474511   0.012711   0.165289  0.0323782  0.0108657   0.458049   0.187335  0.0673459  0.0142286 0.00036186
0.00401036  0.0478148  0.0125496   0.165027  0.0319853  0.0113768   0.455789   0.188626  0.0681154  0.0143356 0.00036959
  0.0040359   0.0481787   0.0123879    0.164768   0.0315979   0.0118996    0.453512    0.189912   0.0688886   0.0144429 0.000377458
 0.00406156   0.0485426   0.0122261    0.164511   0.0312162   0.0124339    0.451216    0.191191   0.0696655   0.0145507 0.000385467
 0.00408734   0.0489065   0.0120641    0.164258   0.0308402   0.0129798    0.448903    0.192463    0.070446   0.0146587 0.000393617
0.00411323  0.0492705   0.011902   0.164006    0.03047   0.013537   0.446573   0.193729  0.0712302  0.0147672 0.00040191
 0.00413924   0.0496345   0.0117398    0.163757   0.0301058   0.0141054    0.444226    0.194988   0.0720179   0.0148759 0.000410346
 0.00416537   0.0499984   0.0115776    0.163511   0.0297475   0.0146849    0.441862     0.19624   0.0728092    0.014985 0.000418927
 0.00419163   0.0503623   0.0114153    0.163267   0.0293953   0.0152754    0.439482    0.197486   0.0736039   0.0150944 0.000427654
 0.00421799    0.050726   0.0112531    0.163025   0.0290492   0.0158768    0.437085    0.198724   0.0744022   0.0152042 0.000436527
 0.00424448   0.0510896    0.011091    0.162785   0.0287093   0.0164889    0.434673    0.199955   0.0752038   0.0153143 0.000445549
 0.00427109    0.051453   0.0109289    0.162548   0.0283758   0.0171116    0.432245    0.201178   0.0760089   0.0154247 0.000454721
 0.00429782   0.0518162    0.010767    0.162312   0.0280486   0.0177447    0.429802    0.202394   0.0768173   0.0155354 0.000464042
 0.00432467   0.0521792   0.0106052    0.162079   0.0277278   0.0183882    0.427344    0.203602    0.077629   0.0156464 0.000473515
 0.00435164   0.0525418   0.0104437    0.161848   0.0274136   0.0190418    0.424872    0.204803    0.078444   0.0157577 0.000483141
 0.00437873   0.0529042   0.0102823    0.161619   0.0271059   0.0197054    0.422385    0.205995   0.0792623   0.0158693 0.000492921
 0.00440594   0.0532662   0.0101213    0.161392   0.0268049   0.0203788    0.419883     0.20718   0.0800837   0.0159812 0.000502856
 0.00443327   0.0536279  0.00996054    0.161166   0.0265107    0.021062    0.417368    0.208357   0.0809083   0.0160934 0.000512946
 0.00446073   0.0539891  0.00980013    0.160943   0.0262232   0.0217547    0.414839    0.209525   0.0817361   0.0162059 0.000523194
 0.0044883  0.0543499 0.00964009   0.160721  0.0259427  0.0224568   0.412298   0.210685  0.0825669  0.0163186  0.0005336
   0.004516   0.0547102  0.00948048    0.160501   0.0256691   0.0231681    0.409743    0.211836   0.0834008   0.0164316 0.000544165
 0.00454382     0.05507  0.00932131    0.160282   0.0254024   0.0238885    0.407175    0.212979   0.0842376   0.0165449 0.000554891
 0.00457177   0.0554292  0.00916263    0.160065   0.0251429   0.0246178    0.404595    0.214113   0.0850774   0.0166584 0.000565779
 0.00459983   0.0557879  0.00900447     0.15985   0.0248905   0.0253559    0.402004    0.215239   0.0859202   0.0167722 0.000576829
 0.00462802   0.0561459  0.00884687    0.159636   0.0246454   0.0261025      0.3994    0.216355   0.0867658   0.0168862 0.000588042
 0.00465634   0.0565033  0.00868987    0.159423   0.0244074   0.0268575    0.396785    0.217463   0.0876142   0.0170005 0.000599421
 0.00468477     0.05686   0.0085335    0.159212   0.0241769   0.0276207    0.394159    0.218561   0.0884655    0.017115 0.000610966
 0.00471333   0.0572159   0.0083778    0.159002   0.0239537   0.0283919    0.391522     0.21965   0.0893195   0.0172297 0.000622677
 0.00474202   0.0575711  0.00822281    0.158794    0.023738    0.029171    0.388875     0.22073   0.0901762   0.0173447 0.000634557
 0.00477083   0.0579255  0.00806856    0.158587   0.0235298   0.0299578    0.386218    0.221801   0.0910355   0.0174598 0.000646605
 0.00479976   0.0582791  0.00791508    0.158381   0.0233292    0.030752    0.383551    0.222862   0.0918975   0.0175752 0.000658824
 0.00482882   0.0586318  0.00776243    0.158176   0.0231362   0.0315536    0.380874    0.223913    0.092762   0.0176908 0.000671214
 0.00485801   0.0589836  0.00761063    0.157972   0.0229509   0.0323623    0.378188    0.224955   0.0936291   0.0178066 0.000683777
 0.00488731   0.0593345  0.00745971    0.157769   0.0227733   0.0331779    0.375494    0.225987   0.0944987   0.0179226 0.000696513
 0.00491675   0.0596844  0.00730973    0.157567   0.0226036   0.0340002    0.372791    0.227009   0.0953707   0.0180387 0.000709423
 0.00494631   0.0600333   0.0071607    0.157366   0.0224416   0.0348291    0.370079    0.228021   0.0962451   0.0181551 0.000722508
  0.004976  0.0603812 0.00701268   0.157166  0.0222876  0.0356643    0.36736   0.229023  0.0971218  0.0182716 0.00073577
0.00500581  0.0607279  0.0068657   0.156966  0.0221415  0.0365057   0.364633   0.230015  0.0980009  0.0183883 0.00074921
 0.00503575   0.0610736  0.00671979    0.156768   0.0220035    0.037353      0.3619    0.230997   0.0988822   0.0185051 0.000762828
 0.00506582   0.0614181  0.00657499     0.15657   0.0218734   0.0382061    0.359159    0.231968   0.0997658   0.0186221 0.000776625
 0.00509601   0.0617614  0.00643134    0.156373   0.0217515   0.0390647    0.356411     0.23293    0.100651   0.0187393 0.000790603
 0.00512633   0.0621036  0.00628887    0.156176   0.0216377   0.0399287    0.353658     0.23388    0.101539   0.0188566 0.000804762
 0.00515678   0.0624444  0.00614763     0.15598    0.021532   0.0407978    0.350899     0.23482    0.102429    0.018974 0.000819104
 0.00518735    0.062784  0.00600764    0.155785   0.0214346   0.0416719    0.348134     0.23575    0.103321   0.0190915 0.000833629
 0.00521805   0.0631222  0.00586895     0.15559   0.0213454   0.0425507    0.345364    0.236669    0.104215   0.0192092 0.000848339
 0.00524888   0.0634591  0.00573159    0.155395   0.0212646    0.043434    0.342589    0.237577    0.105111    0.019327 0.000863234
 0.00527984   0.0637946   0.0055956    0.155201    0.021192   0.0443216    0.339809    0.238474    0.106009   0.0194449 0.000878316
 0.00531093   0.0641286  0.00546101    0.155007   0.0211279   0.0452134    0.337026    0.239361    0.106908   0.0195629 0.000893585
 0.00534214   0.0644612  0.00532786    0.154814   0.0210721    0.046109    0.334238    0.240236    0.107809    0.019681 0.000909042
 0.00537348   0.0647923  0.00519619    0.154621   0.0210248   0.0470084    0.331447    0.241101    0.108713   0.0197992 0.000924688
 0.00540495   0.0651218  0.00506604    0.154428   0.0209859   0.0479112    0.328653    0.241954    0.109617   0.0199174 0.000940525
 0.00543655   0.0654498  0.00493743    0.154235   0.0209556   0.0488173    0.325856    0.242796    0.110524   0.0200357 0.000956553
 0.00546828   0.0657761  0.00481041    0.154042   0.0209337   0.0497264    0.323057    0.243628    0.111432   0.0201542 0.000972772
 0.00550014   0.0661008  0.00468501     0.15385   0.0209205   0.0506383    0.320255    0.244447    0.112341   0.0202726 0.000989185
0.00553213  0.0664239 0.00456127   0.153657  0.0209158  0.0515529   0.317452   0.245256   0.113252  0.0203911 0.00100579
0.00556424  0.0667452 0.00443922   0.153465  0.0209197  0.0524699   0.314647   0.246053   0.114165  0.0205097 0.00102259
0.00559649  0.0670647  0.0043189   0.153272  0.0209323  0.0533891   0.311841   0.246839   0.115079  0.0206283 0.00103959
0.00562887  0.0673825 0.00420035   0.153079  0.0209535  0.0543102   0.309034   0.247614   0.115994  0.0207469 0.00105678
0.00566137  0.0676985 0.00408359   0.152887  0.0209833  0.0552331   0.306227   0.248376   0.116911  0.0208656 0.00107417
0.00569401  0.0680126 0.00396867   0.152694  0.0210219  0.0561575   0.303419   0.249128   0.117829  0.0209843 0.00109176
0.00572677  0.0683248 0.00385562   0.152501  0.0210692  0.0570833   0.300612   0.249868   0.118748  0.0211029 0.00110955
0.00575966  0.0686351 0.00374447   0.152307  0.0211252  0.0580102   0.297805   0.250596   0.119668  0.0212216 0.00112754
0.00579269  0.0689434 0.00363526   0.152114  0.0211899  0.0589379      0.295   0.251312   0.120589  0.0213403 0.00114572
0.00582584  0.0692498 0.00352803    0.15192  0.0212634  0.0598664   0.292195   0.252017   0.121512   0.021459 0.00116411
0.00585913  0.0695541  0.0034228   0.151725  0.0213457  0.0607953   0.289392    0.25271   0.122435  0.0215776 0.00118271
0.00589254  0.0698563 0.00331961   0.151531  0.0214367  0.0617244   0.286591   0.253391   0.123359  0.0216963  0.0012015
0.00592609  0.0701565  0.0032185   0.151336  0.0215365  0.0626536   0.283792   0.254061   0.124285  0.0218149  0.0012205
0.00595976  0.0704545  0.0031195    0.15114  0.0216451  0.0635826   0.280996   0.254719   0.125211  0.0219334 0.00123971
0.00599357  0.0707504 0.00302264   0.150944  0.0217625  0.0645111   0.278203   0.255364   0.126138  0.0220519 0.00125912
0.00602751  0.0710441 0.00292796   0.150748  0.0218887  0.0654391   0.275412   0.255998   0.127065  0.0221704 0.00127873
0.00606157  0.0713355 0.00283549   0.150551  0.0220236  0.0663662   0.272626    0.25662   0.127994  0.0222887 0.00129855
0.00609577  0.0716247 0.00274525   0.150353  0.0221674  0.0672922   0.269843    0.25723   0.128923  0.0224071 0.00131859
 0.0061301  0.0719116  0.0026573   0.150155  0.0223199   0.068217   0.267065   0.257828   0.129852  0.0225253 0.00133882
0.00616456  0.0721962 0.00257165   0.149956  0.0224813  0.0691404   0.264291   0.258414   0.130783  0.0226434 0.00135927
0.00619915  0.0724784 0.00248834   0.149756  0.0226514   0.070062   0.261522   0.258988   0.131713  0.0227615 0.00137993
 0.00161098   0.0106948   0.0231605    0.236806   0.0952618   0.0381644    0.554309   0.0288422  0.00646529  0.00456501 0.000119778
 0.00162398   0.0108764   0.0231876    0.235865   0.0948606   0.0375154    0.555034   0.0296481  0.00666023  0.00460987 0.000118595
 0.00163707   0.0110599    0.023213    0.234929   0.0944552   0.0368656    0.555741   0.0304669  0.00685933   0.0046552 0.000117426
 0.00165024   0.0112455   0.0232365       0.234   0.0940456   0.0362154    0.556429   0.0312984   0.0070626  0.00470103 0.000116273
 0.00166349    0.011433   0.0232583    0.233077   0.0936318    0.035565    0.557097   0.0321424  0.00727007  0.00474734 0.000115136
 0.00167682   0.0116225   0.0232782     0.23216   0.0932138   0.0349144    0.557746   0.0329991  0.00748176  0.00479414 0.000114016
 0.00169023   0.0118141   0.0232962    0.231249   0.0927917    0.034264    0.558374   0.0338681   0.0076977  0.00484144 0.000112914
0.00170373  0.0120076  0.0233125   0.230345  0.0923656  0.0336141   0.558983  0.0347494  0.0079179 0.00488923 0.00011183
 0.00171731   0.0122031   0.0233268    0.229447   0.0919355   0.0329647    0.559572   0.0356429   0.0081424  0.00493751 0.000110764
 0.00173097   0.0124007   0.0233394    0.228555   0.0915014   0.0323162    0.560141   0.0365486  0.00837121   0.0049863 0.000109719
 0.00174471   0.0126002     0.02335     0.22767   0.0910634   0.0316687    0.560688   0.0374662  0.00860435  0.00503558 0.000108693
 0.00175854   0.0128017   0.0233588    0.226791   0.0906215   0.0310225    0.561216   0.0383957  0.00884184  0.00508537 0.000107688
 0.00177245   0.0130053   0.0233657    0.225918   0.0901758   0.0303778    0.561722    0.039337  0.00908371  0.00513566 0.000106705
 0.00178644   0.0132109   0.0233707    0.225052   0.0897262   0.0297348    0.562207   0.0402899  0.00932997  0.00518645 0.000105744
 0.00180052   0.0134184   0.0233739    0.224192    0.089273   0.0290937    0.562671   0.0412544  0.00958065  0.00523775 0.000104807
 0.00181468    0.013628   0.0233751    0.223339   0.0888161   0.0284548    0.563113   0.0422302  0.00983576  0.00528956 0.000103892
 0.00182892   0.0138396   0.0233744    0.222492   0.0883555   0.0278183    0.563533   0.0432174   0.0100953  0.00534189 0.000103003
 0.00184325   0.0140532   0.0233718    0.221652   0.0878914   0.0271844    0.563932   0.0442158   0.0103594  0.00539472 0.000102139
0.00185767  0.0142687  0.0233673   0.220818  0.0874237  0.0265533   0.564309  0.0452252  0.0106279 0.00544806  0.0001013
 0.00187217   0.0144863   0.0233609    0.219991   0.0869526   0.0259252    0.564663   0.0462456   0.0109009  0.00550192 0.000100488
0.00188676  0.0147059  0.0233525    0.21917   0.086478  0.0253004   0.564995  0.0472768  0.0111785  0.0055563 9.9704e-05
 0.00190143   0.0149275   0.0233422    0.218355   0.0860001   0.0246791    0.565305   0.0483186   0.0114606  0.00561119 9.89479e-05
 0.00191618   0.0151511     0.02333    0.217547   0.0855188   0.0240614    0.565592    0.049371   0.0117473   0.0056666 9.82208e-05
 0.00193103   0.0153767   0.0233158    0.216746   0.0850343   0.0234477    0.565856   0.0504339   0.0120386  0.00572253 9.75234e-05
 0.00194596   0.0156043   0.0232997    0.215951   0.0845467   0.0228381    0.566097    0.051507   0.0123344  0.00577898 9.68566e-05
0.00196098  0.0158339  0.0232817   0.215163  0.0840559  0.0222328   0.566315  0.0525903  0.0126349 0.00583596 9.6221e-05
 0.00197608   0.0160654   0.0232617    0.214381    0.083562    0.021632    0.566509   0.0536837     0.01294  0.00589345 9.56176e-05
 0.00199127    0.016299   0.0232397    0.213606   0.0830651    0.021036     0.56668   0.0547869   0.0132498  0.00595148 9.50471e-05
 0.00200655   0.0165345   0.0232158    0.212837   0.0825652    0.020445    0.566827   0.0558999   0.0135642  0.00601002 9.45103e-05
0.00202192  0.0167721    0.02319   0.212075  0.0820625  0.0198591   0.566951  0.0570225  0.0138832  0.0060691 9.4008e-05
 0.00203738   0.0170115   0.0231622    0.211319   0.0815569   0.0192787     0.56705   0.0581546    0.014207   0.0061287 9.35411e-05
 0.00205292    0.017253   0.0231325     0.21057   0.0810486   0.0187038    0.567126    0.059296   0.0145355  0.00618883 9.31104e-05
 0.00206855   0.0174964   0.0231008    0.209827   0.0805376   0.0181347    0.567177   0.0604467   0.0148686  0.00624949 9.27167e-05
 0.00208428   0.0177418   0.0230671    0.209091   0.0800239   0.0175716    0.567204   0.0616064   0.0152065  0.00631068 9.23608e-05
 0.00210009   0.0179891   0.0230315    0.208361   0.0795077   0.0170147    0.567207    0.062775   0.0155492   0.0063724 9.20437e-05
 0.00211599   0.0182384   0.0229939    0.207638    0.078989   0.0164642    0.567185   0.0639523   0.0158966  0.00643466 9.17661e-05
 0.00213198   0.0184897   0.0229544    0.206921   0.0784678   0.0159203    0.567138   0.0651383   0.0162487  0.00649744 9.15289e-05
 0.00214806   0.0187428    0.022913    0.206211   0.0779443   0.0153832    0.567067   0.0663328   0.0166057  0.00656076 9.13331e-05
 0.00216423   0.0189979   0.0228696    0.205507   0.0774185    0.014853    0.566971   0.0675356   0.0169674  0.00662462 9.11793e-05
 0.00218049   0.0192549   0.0228242     0.20481   0.0768905   0.0143301    0.566849   0.0687465   0.0173339    0.006689 9.10687e-05
0.00219684  0.0195139  0.0227769   0.204119  0.0763603  0.0138145   0.566703  0.0699655  0.0177052 0.00675392 9.1002e-05
0.00221329  0.0197747  0.0227277   0.203435   0.075828  0.0133064   0.566531  0.0711923  0.0180813 0.00681938  9.098e-05
 0.00222982   0.0200374   0.0226765    0.202757   0.0752938   0.0128061    0.566334   0.0724269   0.0184622  0.00688538 9.10038e-05
 0.00224645   0.0203021   0.0226234    0.202085   0.0747576   0.0123138    0.566112    0.073669    0.018848  0.00695191 9.10743e-05
 0.00226317   0.0205686   0.0225684     0.20142   0.0742196   0.0118295    0.565864   0.0749186   0.0192386  0.00701897 9.11922e-05
 0.00227998    0.020837   0.0225114    0.200761   0.0736797   0.0113536     0.56559   0.0761753   0.0196341  0.00708657 9.13587e-05
 0.00229688   0.0211073   0.0224526    0.200108   0.0731382    0.010886    0.565291   0.0774392   0.0200344  0.00715471 9.15744e-05
 0.00231388   0.0213794   0.0223918    0.199462    0.072595   0.0104272    0.564966     0.07871   0.0204395  0.00722339 9.18405e-05
 0.00233096   0.0216534   0.0223291    0.198822   0.0720503  0.00997712    0.564615   0.0799876   0.0208496   0.0072926 9.21579e-05
 0.00234815   0.0219292   0.0222645    0.198188   0.0715041  0.00953605    0.564238   0.0812718   0.0212645  0.00736235 9.25274e-05
0.00236542  0.0222068  0.0221981   0.197561  0.0709565 0.00910413   0.563836  0.0825625  0.0216842 0.00743264  9.295e-05
 0.00238279   0.0224862   0.0221297     0.19694   0.0704076  0.00868152    0.563407   0.0838595   0.0221089  0.00750347 9.34267e-05
 0.00240026   0.0227675   0.0220595    0.196325   0.0698575  0.00826838    0.562952   0.0851625   0.0225384  0.00757483 9.39585e-05
 0.00241782   0.0230506   0.0219874    0.195716   0.0693061  0.00786489    0.562471   0.0864716   0.0229729  0.00764673 9.45462e-05
 0.00243547   0.0233354   0.0219134    0.195114   0.0687538  0.00747118    0.561964   0.0877865   0.0234122  0.00771916 9.51909e-05
 0.00245322    0.023622   0.0218376    0.194517   0.0682004  0.00708742    0.561431    0.089107   0.0238564  0.00779214 9.58936e-05
 0.00247106   0.0239104   0.0217599    0.193927   0.0676461  0.00671376    0.560871    0.090433   0.0243055  0.00786565 9.66551e-05
   0.002489   0.0242005   0.0216804    0.193342   0.0670909  0.00635034    0.560285   0.0917643   0.0247595  0.00793969 9.74766e-05
0.00250704  0.0244923  0.0215991   0.192764  0.0665351 0.00599731   0.559673  0.0931008  0.0252184 0.00801427 9.8359e-05
 0.00252517   0.0247859    0.021516    0.192192   0.0659785  0.00565482    0.559034   0.0944422   0.0256822  0.00808938 9.93033e-05
 0.0025434  0.0250812  0.0214311   0.191626  0.0654214   0.005323   0.558369  0.0957885  0.0261509 0.00816503 0.00010031
 0.00256173   0.0253782   0.0213443    0.191066   0.0648638  0.00500198    0.557678   0.0971394   0.0266245  0.00824121 0.000101382
 0.00258015   0.0256768   0.0212558    0.190511   0.0643057  0.00469191     0.55696   0.0984948    0.027103  0.00831793 0.000102518
 0.00259867   0.0259772   0.0211656    0.189963   0.0637474  0.00439291    0.556216   0.0998545   0.0275864  0.00839518 0.000103719
 0.00261729   0.0262792   0.0210735     0.18942   0.0631888   0.0041051    0.555445    0.101218   0.0280746  0.00847296 0.000104988
   0.002636   0.0265828   0.0209798    0.188883     0.06263  0.00382862    0.554648    0.102586   0.0285678  0.00855126 0.000106325
 0.00265482    0.026888   0.0208843    0.188352   0.0620712  0.00356357    0.553824    0.103958   0.0290659   0.0086301 0.000107731
 0.00267373   0.0271949    0.020787    0.187827   0.0615124  0.00331009    0.552974    0.105333   0.0295688  0.00870947 0.000109207
 0.00269274   0.0275033   0.0206881    0.187308   0.0609538  0.00306827    0.552097    0.106712   0.0300767  0.00878937 0.000110754
 0.00271185   0.0278133   0.0205875    0.186794   0.0603953  0.00283824    0.551194    0.108094   0.0305894  0.00886979 0.000112373
 0.00273106   0.0281249   0.0204852    0.186286   0.0598371  0.00262009    0.550265    0.109479   0.0311069  0.00895074 0.000114065
 0.00275037    0.028438   0.0203813    0.185783   0.0592793  0.00241394    0.549309    0.110867   0.0316294  0.00903222 0.000115832
 0.00276978   0.0287526   0.0202757    0.185286    0.058722  0.00221988    0.548327    0.112258   0.0321567  0.00911421 0.000117674
 0.00278929   0.0290688   0.0201685    0.184795   0.0581653    0.002038    0.547319    0.113652   0.0326889  0.00919673 0.000119592
  0.0028089   0.0293864   0.0200597    0.184309   0.0576091   0.0018684    0.546284    0.115048   0.0332259  0.00927977 0.000121588
 0.00282861   0.0297055   0.0199492    0.183828   0.0570538  0.00171118    0.545223    0.116446   0.0337677  0.00936333 0.000123662
 0.00284843   0.0300261   0.0198372    0.183353   0.0564992   0.0015664    0.544136    0.117846   0.0343144  0.00944741 0.000125816
0.00286834   0.030348  0.0197237   0.182884  0.0559456 0.00143417   0.543022   0.119248  0.0348659   0.009532 0.00012805
 0.00288836   0.0306715   0.0196086    0.182419    0.055393  0.00131455    0.541883    0.120652   0.0354222  0.00961711 0.000130366
 0.00290848   0.0309963    0.019492     0.18196   0.0548415  0.00120761    0.540717    0.122058   0.0359834  0.00970274 0.000132765
  0.0029287   0.0313224   0.0193739    0.181506   0.0542913  0.00111344    0.539526    0.123465   0.0365493  0.00978887 0.000135248
 0.00294902     0.03165   0.0192543    0.181057   0.0537423   0.0010321    0.538309    0.124873     0.03712  0.00987551 0.000137816
 0.00296945   0.0319788   0.0191332    0.180614   0.0531947 0.000963646    0.537065    0.126283   0.0376955  0.00996266  0.00014047
 0.00298998    0.032309   0.0190107    0.180175   0.0526485 0.000908144    0.535796    0.127693   0.0382757   0.0100503 0.000143211
 0.00301061   0.0326405   0.0188867    0.179742    0.052104 0.000865649    0.534502    0.129104   0.0388607   0.0101385 0.000146041
 0.00303135   0.0329733   0.0187614    0.179313   0.0515611 0.000836214    0.533182    0.130515   0.0394504   0.0102271  0.00014896
 0.00305219   0.0333073   0.0186346     0.17889     0.05102 0.000819886    0.531836    0.131927   0.0400449   0.0103163 0.000151969
0.00307314  0.0336425  0.0185065   0.178471  0.0504807 0.00081671   0.530465   0.133339  0.0406441   0.010406 0.00015507
 0.00309419    0.033979   0.0183771    0.178057   0.0499434 0.000826727    0.529068    0.134751   0.0412479   0.0104961 0.000158264
 0.00311535   0.0343166   0.0182463    0.177649   0.0494081 0.000849975    0.527647    0.136164   0.0418564   0.0105868 0.000161552
 0.00313661   0.0346554   0.0181142    0.177244    0.048875 0.000886485      0.5262    0.137575   0.0424696   0.0106779 0.000164935
 0.00315798   0.0349954   0.0179809    0.176845   0.0483441 0.000936288    0.524728    0.138987   0.0430875   0.0107696 0.000168414
 0.00317946   0.0353365   0.0178463     0.17645   0.0478155 0.000999408    0.523232    0.140397     0.04371   0.0108617  0.00017199
 0.00320104   0.0356786   0.0177105     0.17606   0.0472893  0.00107587     0.52171    0.141807   0.0443371   0.0109543 0.000175665
 0.00322273   0.0360219   0.0175735    0.175674   0.0467657  0.00116568    0.520164    0.143216   0.0449688   0.0110474 0.000179439
 0.00324452   0.0363662   0.0174352    0.175293   0.0462446  0.00126887    0.518594    0.144624    0.045605   0.0111409 0.000183314
0.00326642  0.0367115  0.0172959   0.174917  0.0457263 0.00138544   0.516999   0.146031  0.0462459   0.011235 0.00018729
0.00328843  0.0370578  0.0171554   0.174545  0.0452107 0.00151539    0.51538   0.147436  0.0468913  0.0113295 0.00019137
 0.00331055   0.0374051   0.0170138    0.174177   0.0446981  0.00165874    0.513737    0.148839   0.0475412   0.0114245 0.000195554
 0.00333278   0.0377533   0.0168711    0.173813   0.0441884  0.00181547     0.51207    0.150241   0.0481956   0.0115199 0.000199843
 0.00335511   0.0381025   0.0167273    0.173454   0.0436818  0.00198558    0.510379     0.15164   0.0488545   0.0116158 0.000204238
 0.00337756   0.0384525   0.0165826    0.173099   0.0431784  0.00216906    0.508664    0.153038   0.0495178   0.0117122 0.000208741
 0.00340011   0.0388034   0.0164368    0.172748   0.0426782  0.00236591    0.506926    0.154433   0.0501856   0.0118091 0.000213353
 0.00342277   0.0391552     0.01629    0.172401   0.0421814  0.00257609    0.505165    0.155826   0.0508579   0.0119063 0.000218074
 0.00344555   0.0395078   0.0161423    0.172058   0.0416881   0.0027996     0.50338    0.157217   0.0515345   0.0120041 0.000222907
 0.00346843   0.0398612   0.0159937    0.171719   0.0411983   0.0030364    0.501573    0.158604   0.0522155   0.0121023 0.000227851
