0.000910174  0.00311159  0.00160032   0.0228254    0.065196   0.0219502    0.125732     0.70678   0.0320146   0.0182233  0.00165642
0.000912345  0.00316748  0.00156312   0.0220472   0.0652842   0.0205452    0.122498    0.711965   0.0319678   0.0183709  0.00167902
0.000914394  0.00322425  0.00153602   0.0212816   0.0653425   0.0192137    0.119283    0.717068   0.0319169   0.0185182  0.00170171
0.000916322  0.00328192  0.00151922   0.0205288   0.0653709   0.0179555    0.116089    0.722087    0.031862    0.018665  0.00172451
0.00091813 0.00334051 0.00151295  0.0197889  0.0653694  0.0167708   0.112918    0.72702  0.0318029  0.0188114  0.0017474
0.000919822  0.00340003  0.00151741   0.0190619   0.0653382   0.0156592     0.10977    0.731865   0.0317398   0.0189573  0.00177038
0.000921399   0.0034605  0.00153283   0.0183482   0.0652774   0.0146206    0.106648    0.736622   0.0316726   0.0191026  0.00179345
0.000922864  0.00352192   0.0015594   0.0176478    0.065187   0.0136549    0.103553    0.741288   0.0316013   0.0192474  0.00181659
0.000924218  0.00358432  0.00159734   0.0169608   0.0650674   0.0127617    0.100486    0.745861   0.0315258   0.0193915   0.0018398
0.000925466  0.00364771  0.00164684   0.0162874   0.0649186   0.0119409   0.0974478    0.750341   0.0314462    0.019535  0.00186308
0.00092661 0.00371211 0.00170811  0.0156275   0.064741  0.0111921  0.0944407   0.754725  0.0313625  0.0196778 0.00188641
0.000927652  0.00377754  0.00178133   0.0149814   0.0645348    0.010515   0.0914656    0.759012   0.0312745   0.0198199  0.00190981
0.000928598    0.003844   0.0018667   0.0143491   0.0643004   0.0099091   0.0885239    0.763201   0.0311824   0.0199612  0.00193324
0.000929451  0.00391152  0.00196442   0.0137306   0.0640381  0.00937411   0.0856167     0.76729   0.0310862   0.0201017  0.00195672
0.000930214  0.00398012  0.00207465    0.013126   0.0637483  0.00890953   0.0827453    0.771279   0.0309857   0.0202414  0.00198024
0.000930893  0.00404981  0.00219759   0.0125354   0.0634313  0.00851489   0.0799107    0.775164   0.0308811   0.0203802  0.00200378
0.000931491  0.00412061  0.00233342   0.0119588   0.0630877  0.00818965   0.0771143    0.778946   0.0307724    0.020518  0.00202734
0.000932014  0.00419254  0.00248229   0.0113962   0.0627179  0.00793327   0.0743569    0.782623   0.0306594   0.0206549  0.00205092
0.000932466  0.00426562  0.00264439   0.0108477   0.0623224  0.00774516   0.0716398    0.786195   0.0305424   0.0207908   0.0020745
0.000932854  0.00433986  0.00281988   0.0103133   0.0619017  0.00762471    0.068964    0.789659   0.0304212   0.0209257  0.00209808
0.000933183  0.00441529  0.00300892  0.00979293   0.0614564  0.00757126   0.0663305    0.793015   0.0302959   0.0210595  0.00212166
0.000933458  0.00449192  0.00321167  0.00928665    0.060987  0.00758413   0.0637401    0.796261   0.0301665   0.0211921  0.00214521
0.000933687  0.00456978  0.00342827  0.00879444   0.0604942  0.00766262    0.061194    0.799398    0.030033   0.0213236  0.00216875
0.000933875  0.00464888  0.00365888   0.0083163   0.0599786  0.00780597    0.058693    0.802423   0.0298955   0.0214538  0.00219225
0.000934029  0.00472924  0.00390363  0.00785221   0.0594408  0.00801342   0.0562379    0.805336   0.0297539   0.0215828  0.00221571
0.000934158  0.00481089  0.00416267  0.00740214   0.0588815  0.00828416   0.0538296    0.808137   0.0296084   0.0217105  0.00223912
0.000934267  0.00489385  0.00443612  0.00696606   0.0583015  0.00861737   0.0514688    0.810824   0.0294588   0.0218368  0.00226247
0.000934366  0.00497813  0.00472412  0.00654393   0.0577014  0.00901219   0.0491564    0.813397   0.0293053   0.0219618  0.00228576
0.000934461  0.00506376  0.00502678  0.00613572    0.057082  0.00946773    0.046893    0.815854   0.0291479   0.0220853  0.00230898
0.000934562  0.00515076  0.00534423  0.00574139   0.0564441  0.00998309   0.0446794    0.818196   0.0289866   0.0222073  0.00233211
0.000934677  0.00523916  0.00567658  0.00536088   0.0557883   0.0105573   0.0425162    0.820422   0.0288215   0.0223278  0.00235515
0.000934815  0.00532897  0.00602393  0.00499415   0.0551157   0.0111895    0.040404    0.822532   0.0286526   0.0224467   0.0023781
0.000934986  0.00542022  0.00638638  0.00464113   0.0544268   0.0118786   0.0383433    0.824524     0.02848    0.022564  0.00240093
0.000935199  0.00551293  0.00676404  0.00430178   0.0537226   0.0126236   0.0363348    0.826398   0.0283036   0.0226797  0.00242364
0.000935464  0.00560713  0.00715699  0.00397603    0.053004   0.0134234   0.0343789    0.828155   0.0281236   0.0227936  0.00244622
0.000935792  0.00570284  0.00756531  0.00366381   0.0522717   0.0142772   0.0324761    0.829793     0.02794   0.0229058  0.00246867
0.000936193  0.00580008  0.00798909  0.00336507   0.0515267   0.0151837   0.0306267    0.831313   0.0277528   0.0230162  0.00249097
0.000936678  0.00589888   0.0084284  0.00307973   0.0507697   0.0161418   0.0288313    0.832714   0.0275621   0.0231247  0.00251311
0.000937259  0.00599927  0.00888332  0.00280773   0.0500019   0.0171505   0.0270901    0.833996   0.0273679   0.0232314  0.00253508
0.000937947  0.00610127  0.00935389    0.002549   0.0492239   0.0182086   0.0254034    0.835159   0.0271704   0.0233361  0.00255688
0.000938755   0.0062049  0.00984018  0.00230348   0.0484368    0.019315   0.0237716    0.836202   0.0269695   0.0234388  0.00257849
0.000939694  0.00631019   0.0103422  0.00207108   0.0476414   0.0204685   0.0221949    0.837127   0.0267654   0.0235395  0.00259991
0.000940777  0.00641718   0.0108601  0.00185175   0.0468387   0.0216679   0.0206735    0.837933   0.0265581   0.0236381  0.00262111
0.000942019  0.00652588   0.0113938  0.00164542   0.0460296    0.022912   0.0192075    0.838619   0.0263476   0.0237346   0.0026421
0.00094343 0.00663632  0.0119434 0.00145201  0.0452151  0.0241996  0.0177971   0.839187  0.0261341  0.0238289 0.00266286
0.000945027  0.00674853   0.0125089  0.00127146    0.044396   0.0255295   0.0164424    0.839636   0.0259175    0.023921  0.00268338
0.000946822  0.00686254   0.0130904  0.00110371   0.0435733   0.0269004   0.0151434    0.839967   0.0256981   0.0240108  0.00270366
0.000948831  0.00697838   0.0136878 0.000948683    0.042748   0.0283111   0.0139002    0.840179   0.0254758   0.0240983  0.00272367
0.000951067  0.00709608   0.0143011 0.000806332    0.041921   0.0297602   0.0127127    0.840274   0.0252506   0.0241834  0.00274341
0.000953546  0.00721566   0.0149304 0.000676592   0.0410931   0.0312467    0.011581    0.840251   0.0250228   0.0242661  0.00276288
0.000956284  0.00733715   0.0155757 0.000559407   0.0402655    0.032769   0.0105048    0.840111   0.0247924   0.0243464  0.00278205
0.000900834   0.0031816  0.00150498   0.0186979   0.0677636   0.0230209    0.127907    0.706694   0.0305323   0.0181522  0.00164399
0.000902964  0.00323882  0.00146755   0.0179692   0.0678602   0.0215491    0.124648    0.711911   0.0304872   0.0182997  0.00166644
0.000904974  0.00329694  0.00144025   0.0172546   0.0679252   0.0201514    0.121407    0.717045   0.0304383   0.0184468  0.00168898
0.000906867  0.00335598  0.00142331   0.0165541   0.0679587   0.0188278    0.118188    0.722095   0.0303856   0.0185935  0.00171163
0.000908643  0.00341594  0.00141694   0.0158678   0.0679605   0.0175782    0.114991    0.727058   0.0303291   0.0187398  0.00173437
0.000910305  0.00347685  0.00142136    0.015196   0.0679309   0.0164025    0.111817    0.731934   0.0302686   0.0188855  0.00175719
0.000911855  0.00353872  0.00143677   0.0145387   0.0678699   0.0153006    0.108668     0.73672   0.0302043   0.0190307   0.0017801
0.000913295  0.00360156  0.00146338    0.013896   0.0677777   0.0142722    0.105546    0.741415    0.030136   0.0191754  0.00180308
0.000914629  0.00366539   0.0015014    0.013268   0.0676545   0.0133173    0.102452    0.746017   0.0300639   0.0193194  0.00182614
0.000915858  0.00373023  0.00155103   0.0126548   0.0675005   0.0124355   0.0993871    0.750525   0.0299878   0.0194628  0.00184926
0.000916987  0.00379609  0.00161245   0.0120565    0.067316   0.0116265   0.0963527    0.754937   0.0299078   0.0196056  0.00187244
0.000918019  0.00386298  0.00168588   0.0114731   0.0671012   0.0108901   0.0933502    0.759251   0.0298238   0.0197476  0.00189567
0.000918956  0.00393093   0.0017715   0.0109047   0.0668565   0.0102258   0.0903809    0.763467   0.0297359   0.0198888  0.00191895
0.000919804  0.00399996  0.00186949   0.0103513   0.0665822  0.00963336   0.0874459    0.767583    0.029644   0.0200293  0.00194227
0.000920567  0.00407007  0.00198004  0.00981287   0.0662787  0.00911221   0.0845466    0.771596   0.0295481   0.0201689  0.00196563
0.000921248  0.00414128  0.00210332  0.00928953   0.0659466  0.00866194    0.081684    0.775507   0.0294484   0.0203076  0.00198901
0.000921852  0.00421363  0.00223952  0.00878126   0.0655861  0.00828206   0.0788593    0.779314   0.0293446   0.0204455  0.00201241
0.000922385  0.00428711  0.00238881  0.00828805   0.0651978  0.00797202   0.0760736    0.783015   0.0292369   0.0205823  0.00203582
0.000922852  0.00436176  0.00255135   0.0078099   0.0647822  0.00773126    0.073328     0.78661   0.0291253   0.0207182  0.00205924
0.000923258  0.00443758  0.00272731  0.00734678   0.0643399  0.00755919   0.0706236    0.790097   0.0290098   0.0208531  0.00208266
0.000923608   0.0045146  0.00291683  0.00689868   0.0638714  0.00745516   0.0679614    0.793475   0.0288904   0.0209868  0.00210607
0.00092391 0.00459284 0.00312009 0.00646555  0.0633773 0.00741851  0.0653423   0.796744  0.0287671  0.0211195 0.00212946
0.000924169  0.00467232  0.00333722  0.00604738   0.0628582  0.00744856   0.0627672    0.799901   0.0286399   0.0212509  0.00215283
0.000924392  0.00475306  0.00356838   0.0056441   0.0623149  0.00754457   0.0602372    0.802947   0.0285089   0.0213812  0.00217617
0.000924586  0.00483507   0.0038137  0.00525566   0.0617479  0.00770578    0.057753    0.805881    0.028374   0.0215102  0.00219946
0.000924758  0.00491839  0.00407331  0.00488201   0.0611581  0.00793141   0.0553156    0.808701   0.0282354   0.0216379  0.00222271
0.000924915  0.00500302  0.00434736  0.00452309    0.060546  0.00822064   0.0529256    0.811406   0.0280929   0.0217643   0.0022459
0.000925066  0.00508899  0.00463595  0.00417881   0.0599125  0.00857263   0.0505839    0.813997   0.0279467   0.0218892  0.00226902
0.000925219  0.00517633  0.00493922  0.00384911   0.0592583   0.0089865   0.0482913    0.816472   0.0277969   0.0220128  0.00229207
0.000925383  0.00526505  0.00525727  0.00353392   0.0585842  0.00946136   0.0460483    0.818831   0.0276433   0.0221349  0.00231504
0.000925565  0.00535518  0.00559022  0.00323313   0.0578911  0.00999628   0.0438556    0.821073   0.0274861   0.0222554  0.00233792
0.000925775  0.00544674  0.00593818  0.00294668   0.0571797   0.0105903    0.041714    0.823198   0.0273253   0.0223744  0.00236069
0.000926023  0.00553975  0.00630123  0.00267446   0.0564509   0.0112425   0.0396238    0.825205   0.0271609   0.0224918  0.00238336
0.000926319  0.00563423  0.00667947  0.00241639   0.0557056   0.0119517   0.0375858    0.827094   0.0269931   0.0226075   0.0024059
0.000926672  0.00573022  0.00707299  0.00217236   0.0549446   0.0127171   0.0356004    0.828864   0.0268217   0.0227215  0.00242832
0.000927092  0.00582773  0.00748188  0.00194228   0.0541688   0.0135376    0.033668    0.830515   0.0266469   0.0228338   0.0024506
0.000927592  0.00592679   0.0079062  0.00172605   0.0533792    0.014412   0.0317892    0.832047   0.0264688   0.0229442  0.00247273
0.000928181  0.00602742  0.00834603  0.00152357   0.0525766   0.0153394   0.0299643     0.83346   0.0262873   0.0230529  0.00249471
0.000928871  0.00612965  0.00880144  0.00133472    0.051762   0.0163185   0.0281936    0.834753   0.0261026   0.0231596  0.00251652
0.000929674   0.0062335  0.00927247  0.00115942   0.0509363   0.0173483   0.0264775    0.835926   0.0259147   0.0232644  0.00253815
0.000930603  0.00633901   0.0097592 0.000997544   0.0501005   0.0184276   0.0248162    0.836979   0.0257236   0.0233672  0.00255959
0.000931668  0.00644619   0.0102616 0.000849001   0.0492554   0.0195553   0.0232101    0.837912   0.0255294    0.023468  0.00258084
0.000932884  0.00655507   0.0107799 0.000713681   0.0484022   0.0207301   0.0216593    0.838726   0.0253321   0.0235667  0.00260188
0.000934264  0.00666568   0.0113139 0.000591483   0.0475417   0.0219509    0.020164     0.83942    0.025132   0.0236633   0.0026227
 0.00093582  0.00677805   0.0118638 0.000482303   0.0466749   0.0232164   0.0187244    0.839995   0.0249288   0.0237577   0.0026433
0.000937567   0.0068922   0.0124295 0.000386041   0.0458028   0.0245255   0.0173405     0.84045   0.0247229   0.0238498  0.00266366
0.000939519  0.00700817   0.0130111 0.000302596   0.0449263   0.0258768   0.0160124    0.840785   0.0245142   0.0239397  0.00268377
 0.00094169  0.00712598   0.0136086 0.000231871   0.0440465   0.0272692   0.0147401    0.841002   0.0243028   0.0240273  0.00270362
0.000944095  0.00724566    0.014222 0.000173771   0.0431643   0.0287013   0.0135237    0.841101   0.0240887   0.0241126   0.0027232
 0.00094675  0.00736723   0.0148512 0.000128204   0.0422807   0.0301719    0.012363    0.841081   0.0238721   0.0241954   0.0027425
0.000949669  0.00749074   0.0154964 9.50795e-05   0.0413966   0.0316797   0.0112581    0.840943    0.023653   0.0242758  0.00276151
0.000891634  0.00325033  0.00140907   0.0150592   0.0703501   0.0241368    0.129992    0.706101   0.0290825   0.0180951  0.00163161
0.000893725  0.00330885  0.00137094   0.0143824   0.0704541   0.0225983     0.12671    0.711346   0.0290393   0.0182426   0.0016539
0.000895699   0.0033683  0.00134298   0.0137209   0.0705248   0.0211345    0.123447    0.716507   0.0289925   0.0183897   0.0016763
0.000897557  0.00342867  0.00132542    0.013075   0.0705622   0.0197454    0.120204    0.721584   0.0289421   0.0185365  0.00169879
0.000899302  0.00348998  0.00131847   0.0124447   0.0705664   0.0184309    0.116984    0.726575   0.0288881   0.0186827  0.00172137
0.000900936  0.00355225  0.00132234   0.0118301   0.0705374   0.0171911    0.113786    0.731477   0.0288304   0.0188285  0.00174405
0.00090246 0.00361549 0.00133724  0.0112313  0.0704754  0.0160257   0.110614   0.736289  0.0287691  0.0189738  0.0017668
0.000903878  0.00367972  0.00136338   0.0106484   0.0703805   0.0149346    0.107468    0.741009    0.028704   0.0191185  0.00178963
0.000905193  0.00374495  0.00140096   0.0100814    0.070253   0.0139177     0.10435    0.745637   0.0286352   0.0192626  0.00181253
0.000906406   0.0038112  0.00145018   0.0095305   0.0700929   0.0129747     0.10126    0.750169   0.0285628   0.0194061   0.0018355
0.000907522  0.00387848  0.00151124   0.0089956   0.0699007   0.0121054   0.0982015    0.754606   0.0284866   0.0195489  0.00185852
0.000908544  0.00394682  0.00158433  0.00847678   0.0696766   0.0113094   0.0951743    0.758944   0.0284066    0.019691   0.0018816
0.000909475  0.00401622  0.00166964  0.00797406   0.0694209   0.0105864   0.0921802    0.763183   0.0283229   0.0198324  0.00190472
0.000910321  0.00408671  0.00176735  0.00748744    0.069134  0.00993604   0.0892202    0.767322   0.0282355    0.019973  0.00192788
0.000911084   0.0041583  0.00187765  0.00701692   0.0688164  0.00935794   0.0862957    0.771358   0.0281444   0.0201127  0.00195108
0.000911769    0.004231  0.00200071  0.00656249   0.0684684  0.00885164   0.0834078    0.775291   0.0280495   0.0202516   0.0019743
0.000912382  0.00430485  0.00213672  0.00612412   0.0680906  0.00841665   0.0805576    0.779119   0.0279508   0.0203895  0.00199754
0.000912927  0.00437985  0.00228583   0.0057018   0.0676833  0.00805247   0.0777464    0.782842   0.0278485   0.0205266   0.0020208
0.00091341 0.00445603 0.00244822 0.00529547  0.0672473 0.00775854  0.0749751   0.786457  0.0277424  0.0206626 0.00204406
0.000913835   0.0045334  0.00262405  0.00490508   0.0667829  0.00753428   0.0722448    0.789964   0.0276326   0.0207976  0.00206732
0.00091421 0.00461198 0.00281346 0.00453059  0.0662909 0.00737909  0.0695566   0.793362  0.0275191  0.0209315 0.00209057
0.00091454 0.00469179 0.00301663 0.00417192  0.0657718 0.00729231  0.0669115    0.79665   0.027402  0.0210643  0.0021138
0.000914831  0.00477285  0.00323368    0.003829   0.0652262  0.00727326   0.0643103    0.799826   0.0272811   0.0211959  0.00213701
0.00091509 0.00485518 0.00346477 0.00350176   0.064655 0.00732124  0.0617539    0.80289  0.0271567  0.0213264 0.00216018
0.000915325  0.00493881  0.00371004   0.0031901   0.0640587   0.0074355   0.0592434    0.805841   0.0270286   0.0214556  0.00218331
0.000915543  0.00502374  0.00396961  0.00289393    0.063438  0.00761526   0.0567795    0.808678   0.0268969   0.0215835   0.0022064
0.000915751  0.00511001  0.00424361  0.00261315   0.0627939  0.00785973    0.054363      0.8114   0.0267616     0.02171  0.00222943
0.000915957  0.00519763  0.00453217  0.00234766   0.0621269  0.00816807   0.0519947    0.814007   0.0266228   0.0218352  0.00225239
0.000916169  0.00528663   0.0048354  0.00209734   0.0614379  0.00853943   0.0496753    0.816497   0.0264805    0.021959  0.00227527
0.000916397  0.00537703  0.00515342  0.00186209   0.0607278  0.00897292   0.0474056    0.818871   0.0263347   0.0220813  0.00229808
0.000916649  0.00546884  0.00548634  0.00164178   0.0599973  0.00946761   0.0451861    0.821127   0.0261855    0.022202  0.00232079
0.000916933   0.0055621  0.00583425  0.00143629   0.0592474   0.0100226   0.0430176    0.823265   0.0260328   0.0223212   0.0023434
0.000917261  0.00565683  0.00619724   0.0012455   0.0584788   0.0106368   0.0409005    0.825285   0.0258768   0.0224388  0.00236591
0.00091764 0.00575304 0.00657542 0.00106926  0.0576926  0.0113094  0.0388355   0.827187  0.0257175  0.0225548 0.00238829
0.000918083  0.00585077  0.00696887 0.000907458   0.0568895   0.0120393   0.0368231    0.828969   0.0255548    0.022669  0.00241054
0.000918599  0.00595004  0.00737765  0.00075995   0.0560706   0.0128254   0.0348638    0.830631    0.025389   0.0227815  0.00243266
0.000919199  0.00605086  0.00780186 0.000626601   0.0552367   0.0136667   0.0329579    0.832173   0.0252199   0.0228922  0.00245463
0.000919894  0.00615327  0.00824155 0.000507272   0.0543889   0.0145621   0.0311058    0.833596   0.0250477   0.0230011  0.00247644
0.000920695   0.0062573  0.00869678 0.000401823    0.053528   0.0155106   0.0293081    0.834898   0.0248724   0.0231081  0.00249809
0.000921616  0.00636296  0.00916762 0.000310116   0.0526551   0.0165109   0.0275649     0.83608   0.0246941   0.0232131  0.00251956
0.000922667  0.00647028  0.00965411  0.00023201   0.0517711   0.0175619   0.0258766    0.837142   0.0245128   0.0233161  0.00254084
0.000923861  0.00657929   0.0101563 0.000167364    0.050877   0.0186625   0.0242434    0.838083   0.0243286   0.0234172  0.00256193
0.000925212  0.00669002   0.0106742 0.000116039   0.0499738   0.0198115   0.0226655    0.838903   0.0241415   0.0235161   0.0025828
0.000926731  0.00680249   0.0112079 7.78966e-05   0.0490626   0.0210077   0.0211432    0.839604   0.0239516   0.0236129  0.00260347
0.000928434  0.00691673   0.0117573 5.27985e-05   0.0481443   0.0222499   0.0196765    0.840184   0.0237589   0.0237076   0.0026239
0.000930334  0.00703277   0.0123226 4.06092e-05   0.0472199   0.0235368   0.0182656    0.840644   0.0235636      0.0238   0.0026441
0.000932444  0.00715064   0.0129037 4.11948e-05   0.0462904   0.0248672   0.0169105    0.840984   0.0233656   0.0238902  0.00266405
 0.00093478  0.00727036   0.0135006 5.44237e-05    0.045357   0.0262399   0.0156113    0.841205   0.0231651    0.023978  0.00268374
0.000937356  0.00739196   0.0141134 8.01669e-05   0.0444205   0.0276536    0.014368    0.841306   0.0229622   0.0240635  0.00270316
0.000940188  0.00751547   0.0147419 0.000118299    0.043482    0.029107   0.0131806    0.841289   0.0227568   0.0241465   0.0027223
0.000943292  0.00764093   0.0153863 0.000168696   0.0425425   0.0305988   0.0120489    0.841153    0.022549   0.0242272  0.00274115
0.000882569  0.00331774  0.00131359   0.0119141   0.0729528   0.0252966    0.131983    0.705003   0.0276663   0.0180517  0.00161925
0.000884623  0.00337755  0.00127428   0.0112915   0.0730631   0.0236915     0.12868    0.710271   0.0276251   0.0181994   0.0016414
0.000886562  0.00343828  0.00124519   0.0106856   0.0731384   0.0221617    0.125397    0.715456   0.0275805   0.0183467  0.00166364
0.000888388  0.00349996  0.00122652   0.0100965   0.0731788   0.0207072    0.122134    0.720556   0.0275326   0.0184937  0.00168599
0.000890104  0.00356259   0.0012185  0.00952432   0.0731843   0.0193279    0.118893     0.72557   0.0274812   0.0186401  0.00170842
0.000891711  0.00362619  0.00122132  0.00896914    0.073155   0.0180239    0.115675    0.730495   0.0274263   0.0187861  0.00173095
0.000893211  0.00369077   0.0012352  0.00843101    0.073091    0.016795    0.112481    0.735329    0.027368   0.0189316  0.00175355
0.000894609  0.00375635  0.00126035  0.00790998   0.0729925   0.0156411    0.109314    0.740072   0.0273062   0.0190766  0.00177623
0.000895905  0.00382295  0.00129697  0.00740609   0.0728596   0.0145621    0.106175    0.744721   0.0272409   0.0192209  0.00179898
0.000897104  0.00389058  0.00134525  0.00691936   0.0726927   0.0135577    0.103064    0.749275   0.0271721   0.0193647  0.00182179
0.000898209  0.00395926   0.0014054  0.00644981    0.072492   0.0126278   0.0999832    0.753732   0.0270998   0.0195077  0.00184466
0.000899223    0.004029   0.0014776  0.00599743   0.0722578    0.011772   0.0969342    0.758091    0.027024   0.0196501  0.00186758
0.00090015 0.00409982 0.00156204 0.00556223  0.0719905  0.0109901   0.093918    0.76235  0.0269446  0.0197917 0.00189055
0.000900994  0.00417173  0.00165891  0.00514416   0.0716903   0.0102816   0.0909358    0.766509   0.0268618   0.0199326  0.00191356
0.00090176 0.00424477 0.00176839 0.00474322  0.0713579 0.00964622  0.0879889   0.770564  0.0267754  0.0200726  0.0019366
0.000902452  0.00431893  0.00189065  0.00435934   0.0709935  0.00908352   0.0850785    0.774516   0.0266854   0.0202118  0.00195966
0.000903075  0.00439425  0.00202588  0.00399247   0.0705977  0.00859304   0.0822057    0.778363   0.0265919     0.02035  0.00198275
0.000903634  0.00447073  0.00217423  0.00364256    0.070171  0.00817429   0.0793717    0.782104    0.026495   0.0204874  0.00200585
0.000904134   0.0045484  0.00233587  0.00330953    0.069714  0.00782672   0.0765775    0.785737   0.0263945   0.0206237  0.00202895
0.000904581  0.00462727  0.00251096   0.0029933   0.0692272   0.0075498   0.0738242    0.789261   0.0262905    0.020759  0.00205205
0.000904982  0.00470737  0.00269965  0.00269378   0.0687112  0.00734291   0.0711128    0.792676    0.026183   0.0208933  0.00207514
0.000905342  0.00478871  0.00290211  0.00241086   0.0681668  0.00720543   0.0684443     0.79598    0.026072   0.0210264  0.00209821
0.000905667  0.00487132  0.00311846  0.00214444   0.0675945  0.00713669   0.0658197    0.799172   0.0259576   0.0211584  0.00212126
0.000905965  0.00495521  0.00334886  0.00189441    0.066995  0.00713601   0.0632398    0.802252   0.0258397   0.0212892  0.00214428
0.000906243   0.0050404  0.00359343  0.00166064   0.0663692  0.00720265   0.0607056    0.805217   0.0257184   0.0214187  0.00216725
0.000906508  0.00512692  0.00385232  0.00144301   0.0657176  0.00733585    0.058218    0.808069   0.0255938   0.0215469  0.00219018
0.000906768  0.00521478  0.00412564  0.00124138   0.0650412  0.00753483   0.0557776    0.810805   0.0254657   0.0216739  0.00221305
0.000907031  0.00530401  0.00441352   0.0010556   0.0643407  0.00779877   0.0533854    0.813425   0.0253343   0.0217994  0.00223585
0.000907305  0.00539462  0.00471607 0.000885545    0.063617  0.00812682    0.051042    0.815929   0.0251996   0.0219235  0.00225857
 0.0009076 0.00548665  0.0050334 0.00073105  0.0628708  0.0085181  0.0487481   0.818315  0.0250616  0.0220462 0.00228122
0.000907922  0.00558011  0.00536561 0.000591962    0.062103  0.00897172   0.0465045    0.820584   0.0249203   0.0221673  0.00230377
0.000908284  0.00567503  0.00571281 0.000468122   0.0613146  0.00948673   0.0443117    0.822734   0.0247759   0.0222869  0.00232622
0.000908692  0.00577142  0.00607509 0.000359368   0.0605065   0.0100622   0.0421703    0.824765   0.0246282   0.0224049  0.00234857
0.000909159  0.00586932  0.00645253 0.000265532   0.0596795   0.0106971   0.0400809    0.826676   0.0244774   0.0225212  0.00237079
0.000909693  0.00596874  0.00684523 0.000186446   0.0588347   0.0113905   0.0380441    0.828468   0.0243235   0.0226358  0.00239288
0.000910306  0.00606971  0.00725324 0.000121938   0.0579729   0.0121413   0.0360602     0.83014   0.0241666   0.0227487  0.00241484
0.000911009  0.00617225  0.00767665  7.1836e-05   0.0570951   0.0129484   0.0341297    0.831692   0.0240066   0.0228598  0.00243665
0.000911812  0.00627639  0.00811552 3.59643e-05   0.0562024   0.0138109   0.0322531    0.833123   0.0238437   0.0229691   0.0024583
0.000912727  0.00638216  0.00856991 1.41478e-05   0.0552957   0.0147275   0.0304307    0.834433   0.0236779   0.0230764  0.00247979
0.000913767  0.00648958  0.00903986 6.21047e-06    0.054376   0.0156972   0.0286629    0.835622   0.0235092   0.0231819   0.0025011
0.000914943  0.00659867  0.00952543 1.19761e-05   0.0534443   0.0167188   0.0269498    0.836691   0.0233377   0.0232853  0.00252222
0.000916268  0.00670946   0.0100267 3.12687e-05   0.0525018   0.0177912   0.0252919    0.837638   0.0231634   0.0233867  0.00254315
0.000917755  0.00682198   0.0105436 6.39131e-05   0.0515493   0.0189131   0.0236893    0.838465   0.0229865   0.0234861  0.00256387
0.000919418  0.00693626   0.0110762 0.000109735    0.050588   0.0200835   0.0221422     0.83917   0.0228069   0.0235833  0.00258438
0.000921269  0.00705232   0.0116246 0.000168563   0.0496189   0.0213011   0.0206508    0.839755   0.0226247   0.0236783  0.00260465
0.000923323  0.00717019   0.0121887 0.000240225    0.048643   0.0225646   0.0192151    0.840219   0.0224399   0.0237711  0.00262469
0.000925594  0.00728989   0.0127686 0.000324553   0.0476614   0.0238728   0.0178352    0.840563   0.0222528   0.0238616  0.00264449
0.000928097  0.00741147   0.0133643 0.000421382   0.0466751   0.0252245   0.0165113    0.840787   0.0220632   0.0239499  0.00266402
0.000930847  0.00753494   0.0139757 0.000530549   0.0456852   0.0266183   0.0152433    0.840891   0.0218713   0.0240357  0.00268329
0.000933859  0.00766033   0.0146029 0.000651894   0.0446928   0.0280531   0.0140311    0.840876   0.0216771   0.0241192  0.00270227
0.000937148  0.00778768   0.0152458 0.000785262   0.0436989   0.0295275   0.0128747    0.840741   0.0214807   0.0242002  0.00272097
0.000873636  0.00338384  0.00121955   0.0092666   0.0755692   0.0264989    0.133874      0.7034   0.0262848   0.0180219  0.00160693
0.000875653   0.0034449  0.00117862  0.00870059   0.0756845   0.0248274    0.130555    0.708689   0.0262457     0.01817  0.00162893
0.000877559  0.00350689  0.00114791  0.00815258   0.0757633   0.0232318    0.127254    0.713894   0.0262034   0.0183177  0.00165103
0.000879354  0.00356984  0.00112765  0.00762266   0.0758055   0.0217119    0.123973    0.719014   0.0261579   0.0184649  0.00167322
0.000881042  0.00363375  0.00111805  0.00711089   0.0758112   0.0202679    0.120714    0.724046   0.0261092   0.0186118  0.00169551
0.000882624  0.00369865  0.00111932  0.00661732   0.0757805   0.0188998    0.117478     0.72899   0.0260573   0.0187582  0.00171788
0.000884103  0.00376455  0.00113167  0.00614198   0.0757136   0.0176074    0.114267    0.733843   0.0260021    0.018904  0.00174034
0.000885481  0.00383145  0.00115531  0.00568491   0.0756105   0.0163907    0.111081    0.738604   0.0259436   0.0190494  0.00176287
0.000886762  0.00389938  0.00119043  0.00524611   0.0754715   0.0152495    0.107923    0.743272   0.0258819   0.0191941  0.00178546
0.000887948  0.00396836  0.00123724  0.00482558   0.0752968   0.0141837    0.104794    0.747843   0.0258169   0.0193383  0.00180813
0.000889043   0.0040384  0.00129592   0.0044233   0.0750868   0.0131931    0.101694    0.752318   0.0257485   0.0194818  0.00183084
0.000890051  0.00410951  0.00136668  0.00403924   0.0748417   0.0122774   0.0986262    0.756694   0.0256769   0.0196245  0.00185361
0.000890975  0.00418171   0.0014497  0.00367337   0.0745619   0.0114362   0.0955908     0.76097   0.0256019   0.0197666  0.00187643
0.000891821  0.00425503  0.00154515  0.00332563   0.0742477   0.0106694   0.0925893    0.765145   0.0255236   0.0199079  0.00189928
0.000892591  0.00432947  0.00165323  0.00299597   0.0738998   0.0099765   0.0896228    0.769217    0.025442   0.0200484  0.00192217
0.000893291  0.00440505  0.00177411  0.00268429   0.0735183   0.0093571   0.0866928    0.773185    0.025357    0.020188  0.00194508
0.000893926   0.0044818  0.00190796  0.00239052    0.073104  0.00881079   0.0838001    0.777047   0.0252688   0.0203267  0.00196801
 0.0008945 0.00455972 0.00205494 0.00211456  0.0726573 0.00833709  0.0809461   0.780803  0.0251772  0.0204645 0.00199096
0.00089502 0.00463885 0.00221523 0.00185631  0.0721788  0.0079355  0.0781318   0.784451  0.0250823  0.0206013  0.0020139
0.000895491  0.00471919  0.00238897  0.00161565   0.0716691  0.00760546   0.0753582     0.78799   0.0249842   0.0207371  0.00203685
0.00089592 0.00480077 0.00257633 0.00139245  0.0711289 0.00734641  0.0726264   0.791419  0.0248827  0.0208718 0.00205978
0.000896311   0.0048836  0.00277744  0.00118659   0.0705587  0.00715772   0.0699374    0.794736    0.024778   0.0210055   0.0020827
0.000896673  0.00496771  0.00299246 0.000997908   0.0699592  0.00703876   0.0672921    0.797942     0.02467   0.0211379  0.00210559
0.000897012  0.00505312  0.00322153  0.00082627   0.0693313  0.00698884   0.0646915    0.801034   0.0245587   0.0212692  0.00212845
0.000897335  0.00513984  0.00346477 0.000671513   0.0686757  0.00700725   0.0621364    0.804012   0.0244443   0.0213993  0.00215127
 0.00089765  0.00522789  0.00372232 0.000533475    0.067993  0.00709325   0.0596278    0.806876   0.0243266    0.021528  0.00217404
0.000897964   0.0053173  0.00399431 0.000411983   0.0672842  0.00724607   0.0571663    0.809624   0.0242058   0.0216555  0.00219675
0.000898286   0.0054081  0.00428084 0.000306863   0.0665501  0.00746489   0.0547528    0.812255   0.0240818   0.0217815   0.0022194
0.000898624  0.00550029  0.00458204  0.00021793   0.0657915   0.0077489   0.0523881     0.81477   0.0239547   0.0219062  0.00224197
0.000898986   0.0055939  0.00489801 0.000144999   0.0650092  0.00809721   0.0500728    0.817167   0.0238245   0.0220294  0.00226445
0.000899383  0.00568896  0.00522885 8.78771e-05   0.0642043  0.00850894   0.0478076    0.819445   0.0236913    0.022151  0.00228685
0.000899822  0.00578549  0.00557467 4.63681e-05   0.0633775  0.00898318   0.0455932    0.821604    0.023555   0.0222711  0.00230914
0.000900315   0.0058835  0.00593555 2.02724e-05   0.0625299  0.00951896   0.0434301    0.823645   0.0234157   0.0223896  0.00233133
 0.00090087  0.00598303  0.00631157 9.38698e-06   0.0616624   0.0101153   0.0413189    0.825565   0.0232735   0.0225065   0.0023534
0.000901498   0.0060841  0.00670282 1.35063e-05   0.0607759   0.0107713   0.0392602    0.827365   0.0231283   0.0226217  0.00237533
0.000902211  0.00618673  0.00710937 3.24222e-05   0.0598716   0.0114858   0.0372543    0.829045   0.0229803   0.0227351  0.00239713
0.000903018  0.00629094   0.0075313 6.59252e-05   0.0589502   0.0122577   0.0353018    0.830604   0.0228295   0.0228467  0.00241879
0.000903931  0.00639677  0.00796865 0.000113804    0.058013   0.0130862   0.0334031    0.832042   0.0226758   0.0229565  0.00244028
0.000904963  0.00650423  0.00842148 0.000175847   0.0570609     0.01397   0.0315586    0.833359   0.0225194   0.0230644  0.00246161
0.000906124  0.00661335  0.00888986 0.000251842   0.0560949    0.014908   0.0297685    0.834554   0.0223604   0.0231704  0.00248277
0.000907427  0.00672416  0.00937381 0.000341576   0.0551161   0.0158991   0.0280331    0.835628   0.0221986   0.0232743  0.00250374
0.000908886  0.00683668  0.00987338 0.000444837   0.0541256   0.0169421   0.0263529    0.836581   0.0220343   0.0233763  0.00252451
0.000910512  0.00695094   0.0103886 0.000561415   0.0531245   0.0180359   0.0247279    0.837412   0.0218675   0.0234761  0.00254508
0.000912319  0.00706697   0.0109195 0.000691101   0.0521137   0.0191792   0.0231583    0.838121   0.0216981   0.0235739  0.00256543
0.000914321  0.00718479   0.0114661 0.000833686   0.0510945   0.0203709   0.0216444     0.83871   0.0215264   0.0236694  0.00258555
0.000916532  0.00730444   0.0120284 0.000988966   0.0500678   0.0216098   0.0201862    0.839177   0.0213522   0.0237628  0.00260544
0.000918967  0.00742593   0.0126064  0.00115674   0.0490348   0.0228945   0.0187838    0.839524   0.0211758   0.0238538  0.00262508
0.000921639  0.00754931   0.0132001   0.0013368   0.0479966   0.0242239   0.0174373     0.83975   0.0209971   0.0239426  0.00264446
0.000924565  0.00767459   0.0138095  0.00152896   0.0469543   0.0255966   0.0161466    0.839856   0.0208162   0.0240289  0.00266357
0.000927759   0.0078018   0.0144346  0.00173302   0.0459088   0.0270114   0.0149119    0.839842   0.0206332   0.0241129  0.00268241
0.000931237  0.00793099   0.0150754  0.00194879   0.0448614    0.028467   0.0137328    0.839709   0.0204481   0.0241944  0.00270096
0.000864829  0.00344861  0.00112805  0.00712007   0.0781965   0.0277422    0.135663    0.701297   0.0249389   0.0180056  0.00159463
0.000866812  0.00351089  0.00108501  0.00661306   0.0783157   0.0260046     0.13233    0.706602   0.0249019   0.0181541  0.00161648
0.000868686  0.00357412  0.00105222  0.00612529   0.0783967   0.0243433    0.129014    0.711823    0.024862   0.0183023  0.00163844
0.000870452  0.00363831  0.00102988  0.00565682   0.0784396   0.0227583    0.125719    0.716958   0.0248191   0.0184501  0.00166049
0.000872114  0.00370349  0.00101821  0.00520769   0.0784444   0.0212498    0.122445    0.722006   0.0247732   0.0185974  0.00168263
0.000873672  0.00376965  0.00101743  0.00477792   0.0784112   0.0198176    0.119194    0.726965   0.0247242   0.0187444  0.00170486
0.000875131  0.00383682  0.00102773  0.00436752   0.0783402   0.0184618    0.115967    0.731834   0.0246722   0.0188908  0.00172716
0.000876491  0.00390502  0.00104933   0.0039765   0.0782315   0.0171823    0.112766     0.73661   0.0246171   0.0190367  0.00174954
0.000877758  0.00397426  0.00108242  0.00360483   0.0780854    0.015979    0.109592    0.741291    0.024559    0.019182  0.00177199
0.000878933  0.00404455  0.00112721  0.00325248    0.077902   0.0148518    0.106447    0.745878   0.0244977   0.0193267   0.0017945
0.000880021  0.00411591  0.00118389   0.0029194   0.0776817   0.0138004    0.103331    0.750366   0.0244334   0.0194707  0.00181707
0.000881024  0.00418836  0.00125264  0.00260554   0.0774249   0.0128246    0.100247    0.754756    0.024366   0.0196141  0.00183969
0.000881948  0.00426191  0.00133367  0.00231083   0.0771318   0.0119242    0.097195    0.759046   0.0242954   0.0197568  0.00186236
0.000882795  0.00433659  0.00142714  0.00203518   0.0768029   0.0110988    0.094177    0.763234   0.0242217   0.0198986  0.00188506
0.000883572   0.0044124  0.00153323   0.0017785   0.0764387   0.0103481   0.0911939    0.767319    0.024145   0.0200397  0.00190779
0.000884282  0.00448937  0.00165213  0.00154068   0.0760396  0.00967181    0.088247      0.7713   0.0240651     0.02018  0.00193056
0.00088493 0.00456751 0.00178401 0.00132159  0.0756061 0.00906939  0.0853374   0.775174   0.023982  0.0203193 0.00195333
0.000885523  0.00464684  0.00192902  0.00112113   0.0751388  0.00854044   0.0824662    0.778942   0.0238959   0.0204577  0.00197612
0.000886064  0.00472738  0.00208733 0.000939128   0.0746383  0.00808447   0.0796346    0.782602   0.0238067   0.0205952  0.00199892
0.000886561  0.00480915  0.00225911 0.000775452   0.0741052  0.00770094   0.0768436    0.786152   0.0237144   0.0207316  0.00202171
0.000887019  0.00489217  0.00244449 0.000629939   0.0735401   0.0073893   0.0740943    0.789592    0.023619    0.020867  0.00204449
0.000887445  0.00497646  0.00264363 0.000502421   0.0729437  0.00714896   0.0713875    0.792921   0.0235205   0.0210012  0.00206726
0.000887845  0.00506203  0.00285668 0.000392719   0.0723169  0.00697929   0.0687244    0.796137   0.0234189   0.0211343  0.00208999
0.000888227  0.00514891  0.00308376 0.000300649   0.0716602  0.00687961   0.0661058     0.79924   0.0233143   0.0212663   0.0021127
0.000888597  0.00523712  0.00332502 0.000226017   0.0709744  0.00684925   0.0635326    0.802228   0.0232067    0.021397  0.00213536
0.000888963  0.00532667  0.00358058 0.000168624   0.0702605  0.00688746   0.0610057    0.805101   0.0230961   0.0215264  0.00215798
0.000889334   0.0054176  0.00385056 0.000128263   0.0695191   0.0069935   0.0585259    0.807858   0.0229825   0.0216545  0.00218053
0.000889716  0.00550991  0.00413508  0.00010472   0.0687512  0.00716656   0.0560939    0.810499    0.022866   0.0217812  0.00220302
0.00089012 0.00560363 0.00443425 9.7777e-05  0.0679576 0.00740583  0.0537105   0.813022  0.0227465  0.0219066 0.00222544
0.000890553  0.00569879  0.00474818  0.00010721   0.0671393  0.00771046   0.0513765    0.815427   0.0226241   0.0220304  0.00224777
0.000891026  0.00579541  0.00507697 0.000132789   0.0662971  0.00807956   0.0490925    0.817713   0.0224988   0.0221528  0.00227002
0.000891546   0.0058935  0.00542071 0.000174282   0.0654321  0.00851223   0.0468591     0.81988   0.0223707   0.0222735  0.00229216
0.000892124  0.00599309  0.00577949 0.000231453   0.0645451  0.00900752   0.0446769    0.821928   0.0222398   0.0223927  0.00231419
 0.00089277  0.00609421   0.0061534 0.000304061   0.0636372  0.00956448   0.0425465    0.823855   0.0221061   0.0225103   0.0023361
0.000893495  0.00619688  0.00654251 0.000391863   0.0627094   0.0101821   0.0404685    0.825662   0.0219697   0.0226261  0.00235788
0.000894309  0.00630111  0.00694689 0.000494616   0.0617626   0.0108594   0.0384432    0.827348   0.0218305   0.0227402  0.00237953
0.000895224  0.00640695  0.00736661 0.000612071    0.060798   0.0115953   0.0364713    0.828912   0.0216887   0.0228525  0.00240103
 0.00089625  0.00651441  0.00780174 0.000743983   0.0598166   0.0123888    0.034553    0.830356   0.0215443    0.022963  0.00242237
  0.0008974  0.00662351  0.00825231 0.000890101   0.0588195   0.0132387   0.0326887    0.831677   0.0213974   0.0230715  0.00244355
0.000898685  0.00673429  0.00871839  0.00105018   0.0578077    0.014144   0.0308788    0.832877   0.0212479   0.0231782  0.00246455
0.000900118  0.00684677  0.00920001  0.00122396   0.0567823   0.0151035   0.0291237    0.833956   0.0210959   0.0232828  0.00248537
0.000901712  0.00696097   0.0096972  0.00141121   0.0557444   0.0161161   0.0274234    0.834912   0.0209415   0.0233854  0.00250599
0.000903479  0.00707692     0.01021  0.00161168   0.0546951   0.0171805   0.0257784    0.835747   0.0207847    0.023486   0.0025264
0.000905434  0.00719464   0.0107384  0.00182511   0.0536356   0.0182957   0.0241888     0.83646   0.0206256   0.0235844   0.0025466
0.000907589  0.00731418   0.0112825  0.00205127   0.0525669   0.0194604   0.0226547    0.837051   0.0204642   0.0236806  0.00256658
0.00090996 0.00743555  0.0118422 0.00228992  0.0514903  0.0206734  0.0211762   0.837521  0.0203006  0.0237746 0.00258631
0.00091256 0.00755877  0.0124176 0.00254082  0.0504067  0.0219335  0.0197535    0.83787  0.0201349  0.0238663  0.0026058
0.000915405  0.00768389   0.0130086  0.00280373   0.0493173   0.0232393   0.0183866    0.838097    0.019967   0.0239556  0.00262504
0.000918508  0.00781093   0.0136153  0.00307843   0.0482234   0.0245896   0.0170755    0.838205   0.0197971   0.0240426    0.002644
