 0.0137498  0.0714705 0.00131782   0.126955  0.0219115   0.376385  0.0526372   0.228151  0.0915495 0.00767327 0.00819993
 0.0137631  0.0715159 0.00131829   0.127001  0.0218493   0.376433  0.0527155   0.228203  0.0913305 0.00766973 0.00820049
 0.0137763  0.0715612 0.00131882   0.127048  0.0217871    0.37648   0.052794   0.228255   0.091112 0.00766619 0.00820104
 0.0137896  0.0716064 0.00131939   0.127095  0.0217248   0.376527  0.0528726   0.228306   0.090894 0.00766266 0.00820157
  0.013803  0.0716516 0.00132002   0.127142  0.0216625   0.376575  0.0529514   0.228357  0.0906765 0.00765912 0.00820208
 0.0138163  0.0716967 0.00132069   0.127189  0.0216002   0.376622  0.0530302   0.228407  0.0904595 0.00765558 0.00820258
 0.0138298  0.0717416 0.00132141   0.127236  0.0215379    0.37667  0.0531092   0.228456   0.090243 0.00765204 0.00820307
 0.0138432  0.0717865 0.00132218   0.127283  0.0214756   0.376717  0.0531882   0.228505   0.090027 0.00764849 0.00820353
 0.0138567  0.0718314   0.001323    0.12733  0.0214132   0.376764  0.0532674   0.228554  0.0898115 0.00764495 0.00820398
 0.0138702  0.0718761 0.00132387   0.127377  0.0213508   0.376812  0.0533468   0.228601  0.0895965 0.00764141 0.00820442
 0.0138837  0.0719207 0.00132479   0.127424  0.0212884   0.376859  0.0534262   0.228649   0.089382 0.00763786 0.00820484
 0.0138973  0.0719653 0.00132575   0.127471   0.021226   0.376907  0.0535057   0.228695  0.0891679 0.00763432 0.00820524
 0.0139109  0.0720097 0.00132677   0.127518  0.0211636   0.376954  0.0535854   0.228741  0.0889544 0.00763077 0.00820562
 0.0139245  0.0720541 0.00132784   0.127564  0.0211012   0.377001  0.0536652   0.228787  0.0887414 0.00762723 0.00820599
 0.0139382  0.0720984 0.00132895   0.127611  0.0210387   0.377048  0.0537451   0.228832  0.0885289 0.00762368 0.00820635
 0.0139519  0.0721426 0.00133012   0.127658  0.0209762   0.377096  0.0538251   0.228876  0.0883169 0.00762014 0.00820668
 0.0139656  0.0721867 0.00133134   0.127705  0.0209138   0.377143  0.0539053    0.22892  0.0881054 0.00761659   0.008207
 0.0139794  0.0722308  0.0013326   0.127752  0.0208513    0.37719  0.0539855   0.228963  0.0878944 0.00761304 0.00820731
 0.0139932  0.0722747 0.00133391   0.127799  0.0207887   0.377238  0.0540659   0.229006  0.0876839 0.00760949  0.0082076
 0.0140071  0.0723186 0.00133528   0.127846  0.0207262   0.377285  0.0541464   0.229048  0.0874739 0.00760595 0.00820787
 0.0140209  0.0723623 0.00133669   0.127893  0.0206637   0.377332   0.054227    0.22909  0.0872644  0.0076024 0.00820812
 0.0140349   0.072406 0.00133815    0.12794  0.0206011   0.377379  0.0543077   0.229131  0.0870554 0.00759885 0.00820836
 0.0140488  0.0724496 0.00133967   0.127986  0.0205386   0.377427  0.0543885   0.229171  0.0868469  0.0075953 0.00820858
 0.0140628  0.0724931 0.00134123   0.128033   0.020476   0.377474  0.0544695   0.229211   0.086639 0.00759175 0.00820879
 0.0140768  0.0725365 0.00134284    0.12808  0.0204134   0.377521  0.0545505    0.22925  0.0864315  0.0075882 0.00820898
 0.0140909  0.0725798  0.0013445   0.128127  0.0203508   0.377568  0.0546317   0.229289  0.0862246 0.00758465 0.00820915
 0.0141049   0.072623 0.00134622   0.128174  0.0202882   0.377615   0.054713   0.229327  0.0860182  0.0075811 0.00820931
 0.0141191  0.0726662 0.00134798   0.128221  0.0202256   0.377663  0.0547944   0.229364  0.0858122 0.00757756 0.00820945
 0.0141332  0.0727092 0.00134979   0.128267   0.020163    0.37771   0.054876   0.229401  0.0856068 0.00757401 0.00820958
 0.0141474  0.0727522 0.00135165   0.128314  0.0201004   0.377757  0.0549576   0.229438   0.085402 0.00757046 0.00820969
 0.0141616  0.0727951 0.00135356   0.128361  0.0200377   0.377804  0.0550394   0.229474  0.0851976 0.00756691 0.00820978
 0.0141759  0.0728378 0.00135552   0.128408  0.0199751   0.377851  0.0551212   0.229509  0.0849937 0.00756336 0.00820985
 0.0141902  0.0728805 0.00135753   0.128454  0.0199125   0.377898  0.0552032   0.229544  0.0847904 0.00755982 0.00820991
 0.0142045  0.0729231  0.0013596   0.128501  0.0198498   0.377945  0.0552853   0.229578  0.0845875 0.00755627 0.00820996
 0.0142189  0.0729656 0.00136171   0.128548  0.0197872   0.377992  0.0553675   0.229611  0.0843852 0.00755272 0.00820998
 0.0142333   0.073008 0.00136387   0.128595  0.0197245   0.378039  0.0554499   0.229644  0.0841835 0.00754918 0.00820999
 0.0142478  0.0730504 0.00136608   0.128641  0.0196619   0.378086  0.0555323   0.229676  0.0839822 0.00754563 0.00820999
 0.0142622  0.0730926 0.00136834   0.128688  0.0195992   0.378133  0.0556149   0.229708  0.0837814 0.00754208 0.00820997
 0.0142768  0.0731347 0.00137065   0.128734  0.0195366    0.37818  0.0556975    0.22974  0.0835812 0.00753854 0.00820993
 0.0142913  0.0731768 0.00137301   0.128781  0.0194739   0.378227  0.0557803    0.22977  0.0833815   0.007535 0.00820987
 0.0143059  0.0732187 0.00137542   0.128828  0.0194112   0.378274  0.0558632     0.2298  0.0831823 0.00753145  0.0082098
 0.0143205  0.0732606 0.00137789   0.128874  0.0193486   0.378321  0.0559462    0.22983  0.0829836 0.00752791 0.00820971
 0.0143352  0.0733024  0.0013804   0.128921  0.0192859   0.378368  0.0560293   0.229859  0.0827855 0.00752437 0.00820961
 0.0143499   0.073344 0.00138296   0.128967  0.0192233   0.378415  0.0561126   0.229887  0.0825879 0.00752083 0.00820949
 0.0143646  0.0733856 0.00138557   0.129014  0.0191606   0.378461  0.0561959   0.229915  0.0823908 0.00751728 0.00820935
 0.0143794  0.0734271 0.00138823    0.12906   0.019098   0.378508  0.0562794   0.229942  0.0821942 0.00751374  0.0082092
 0.0143942  0.0734685 0.00139095   0.129107  0.0190353   0.378555   0.056363   0.229969  0.0819982 0.00751021 0.00820903
  0.014409  0.0735098 0.00139371   0.129153  0.0189727   0.378602  0.0564467   0.229995  0.0818027 0.00750667 0.00820884
 0.0144239   0.073551 0.00139652     0.1292    0.01891   0.378649  0.0565305    0.23002  0.0816077 0.00750313 0.00820864
 0.0144388  0.0735921 0.00139939   0.129246  0.0188474   0.378695  0.0566144   0.230045  0.0814133  0.0074996 0.00820842
 0.0144538  0.0736332  0.0014023   0.129293  0.0187848   0.378742  0.0566984   0.230069  0.0812193 0.00749606 0.00820818
 0.0144688  0.0736741 0.00140526   0.129339  0.0187221   0.378789  0.0567825   0.230093  0.0810259 0.00749253 0.00820793
 0.0144838  0.0737149 0.00140828   0.129385  0.0186595   0.378835  0.0568668   0.230116  0.0808331   0.007489 0.00820766
 0.0144989  0.0737556 0.00141134   0.129432  0.0185969   0.378882  0.0569511   0.230139  0.0806407 0.00748546 0.00820738
  0.014514  0.0737963 0.00141446   0.129478  0.0185343   0.378929  0.0570356   0.230161  0.0804489 0.00748193 0.00820708
 0.0145291  0.0738368 0.00141762   0.129524  0.0184717   0.378975  0.0571202   0.230182  0.0802577 0.00747841 0.00820676
 0.0145443  0.0738773 0.00142084    0.12957  0.0184091   0.379022  0.0572049   0.230203  0.0800669 0.00747488 0.00820642
 0.0145595  0.0739176 0.00142411   0.129617  0.0183465   0.379068  0.0572897   0.230223  0.0798767 0.00747135 0.00820607
 0.0145748  0.0739579 0.00142742   0.129663   0.018284   0.379115  0.0573746   0.230243  0.0796871 0.00746783 0.00820571
 0.0145901   0.073998 0.00143079   0.129709  0.0182214   0.379161  0.0574596   0.230262  0.0794979 0.00746431 0.00820532
 0.0146054  0.0740381 0.00143421   0.129755  0.0181589   0.379208  0.0575448    0.23028  0.0793094 0.00746078 0.00820492
 0.0146208  0.0740781 0.00143768   0.129801  0.0180964   0.379254    0.05763   0.230298  0.0791213 0.00745726 0.00820451
 0.0146362  0.0741179  0.0014412   0.129847  0.0180338   0.379301  0.0577154   0.230316  0.0789338 0.00745375 0.00820407
 0.0146517  0.0741577 0.00144477   0.129893  0.0179713   0.379347  0.0578008   0.230333  0.0787468 0.00745023 0.00820362
 0.0146672  0.0741974 0.00144839   0.129939  0.0179089   0.379394  0.0578864   0.230349  0.0785604 0.00744672 0.00820316
 0.0146827   0.074237 0.00145206   0.129985  0.0178464    0.37944  0.0579721   0.230364  0.0783745  0.0074432 0.00820267
 0.0146982  0.0742765 0.00145578   0.130031  0.0177839   0.379486  0.0580579   0.230379  0.0781891 0.00743969 0.00820218
 0.0147139  0.0743158 0.00145955   0.130077  0.0177215   0.379532  0.0581438   0.230394  0.0780043 0.00743618 0.00820166
 0.0147295  0.0743551 0.00146337   0.130123  0.0176591   0.379579  0.0582298   0.230408    0.07782 0.00743268 0.00820113
 0.0147452  0.0743943 0.00146725   0.130169  0.0175967   0.379625   0.058316   0.230421  0.0776362 0.00742917 0.00820058
 0.0147609  0.0744334 0.00147117   0.130215  0.0175343   0.379671  0.0584022   0.230434   0.077453 0.00742567 0.00820002
 0.0147767  0.0744724 0.00147514    0.13026  0.0174719   0.379717  0.0584885   0.230446  0.0772704 0.00742216 0.00819944
 0.0147925  0.0745113 0.00147917   0.130306  0.0174095   0.379763   0.058575   0.230457  0.0770883 0.00741867 0.00819884
 0.0148083  0.0745501 0.00148324   0.130352  0.0173472    0.37981  0.0586616   0.230468  0.0769067 0.00741517 0.00819822
 0.0148242  0.0745888 0.00148737   0.130397  0.0172849   0.379856  0.0587482   0.230479  0.0767257 0.00741167 0.00819759
 0.0148401  0.0746274 0.00149155   0.130443  0.0172226   0.379902   0.058835   0.230488  0.0765452 0.00740818 0.00819695
 0.0148561  0.0746659 0.00149578   0.130489  0.0171603   0.379948  0.0589219   0.230498  0.0763653 0.00740469 0.00819628
 0.0148721  0.0747043 0.00150006   0.130534  0.0170981   0.379994  0.0590089   0.230506  0.0761859  0.0074012  0.0081956
 0.0148881  0.0747426 0.00150438    0.13058  0.0170359    0.38004   0.059096   0.230514  0.0760071 0.00739772 0.00819491
 0.0149042  0.0747808 0.00150877   0.130625  0.0169737   0.380085  0.0591832   0.230522  0.0758288 0.00739423 0.00819419
 0.0149203  0.0748189  0.0015132    0.13067  0.0169115   0.380131  0.0592706   0.230529   0.075651 0.00739075 0.00819346
 0.0149365  0.0748569 0.00151768   0.130716  0.0168493   0.380177   0.059358   0.230535  0.0754738 0.00738727 0.00819272
 0.0149527  0.0748948 0.00152221   0.130761  0.0167872   0.380223  0.0594455   0.230541  0.0752972  0.0073838 0.00819196
 0.0149689  0.0749326 0.00152679   0.130806  0.0167251   0.380269  0.0595332   0.230546  0.0751211 0.00738032 0.00819118
 0.0149852  0.0749703 0.00153143   0.130852   0.016663   0.380314  0.0596209    0.23055  0.0749456 0.00737685 0.00819038
 0.0150015  0.0750078 0.00153611   0.130897   0.016601    0.38036  0.0597088   0.230554  0.0747706 0.00737338 0.00818957
 0.0150179  0.0750453 0.00154085   0.130942   0.016539   0.380406  0.0597968   0.230558  0.0745961 0.00736992 0.00818874
 0.0150343  0.0750827 0.00154564   0.130987   0.016477   0.380451  0.0598848    0.23056  0.0744222 0.00736645  0.0081879
 0.0150508    0.07512 0.00155047   0.131032   0.016415   0.380497   0.059973   0.230563  0.0742489 0.00736299 0.00818704
 0.0150673  0.0751572 0.00155536   0.131077  0.0163531   0.380543  0.0600613   0.230564  0.0740761 0.00735954 0.00818616
 0.0150838  0.0751943  0.0015603   0.131122  0.0162912   0.380588  0.0601497   0.230565  0.0739039 0.00735608 0.00818527
 0.0151004  0.0752313 0.00156529   0.131167  0.0162293   0.380633  0.0602382   0.230566  0.0737322 0.00735263 0.00818436
  0.015117  0.0752682 0.00157033   0.131212  0.0161675   0.380679  0.0603268   0.230566  0.0735611 0.00734918 0.00818343
 0.0151336  0.0753049 0.00157542   0.131257  0.0161057   0.380724  0.0604156   0.230565  0.0733905 0.00734574 0.00818249
 0.0151503  0.0753416 0.00158057   0.131302  0.0160439    0.38077  0.0605044   0.230564  0.0732205 0.00734229 0.00818153
 0.0151671  0.0753782 0.00158576   0.131346  0.0159822   0.380815  0.0605933   0.230562  0.0730511 0.00733885 0.00818055
 0.0151838  0.0754147 0.00159101   0.131391  0.0159205    0.38086  0.0606823   0.230559  0.0728822 0.00733542 0.00817956
 0.0152007   0.075451  0.0015963   0.131436  0.0158588   0.380905  0.0607715   0.230556  0.0727139 0.00733198 0.00817855
 0.0152175  0.0754873 0.00160165    0.13148  0.0157972   0.380951  0.0608607   0.230552  0.0725461 0.00732856 0.00817752
 0.0152344  0.0755234 0.00160704   0.131525  0.0157356   0.380996  0.0609501   0.230548  0.0723789 0.00732513 0.00817648
 0.0152514  0.0755595 0.00161249   0.131569   0.015674   0.381041  0.0610396   0.230543  0.0722122 0.00732171 0.00817542
 0.0152684  0.0755955 0.00161799   0.131614  0.0156125   0.381086  0.0611291   0.230538  0.0720461 0.00731829 0.00817435
 0.0152854  0.0756313 0.00162354   0.131658   0.015551   0.381131  0.0612188   0.230532  0.0718806 0.00731487 0.00817326
 0.0153025   0.075667 0.00162914   0.131702  0.0154896   0.381176  0.0613086   0.230525  0.0717156 0.00731146 0.00817215
 0.0153196  0.0757027  0.0016348   0.131747  0.0154282   0.381221  0.0613984   0.230518  0.0715511 0.00730805 0.00817102
 0.0153367  0.0757382  0.0016405   0.131791  0.0153668   0.381266  0.0614884   0.230511  0.0713873 0.00730464 0.00816988
  0.015354  0.0757736 0.00164625   0.131835  0.0153055   0.381311  0.0615785   0.230502   0.071224 0.00730124 0.00816873
 0.0153712   0.075809 0.00165206   0.131879  0.0152442   0.381356  0.0616687   0.230493  0.0710613 0.00729784 0.00816755
 0.0153885  0.0758442 0.00165791   0.131923   0.015183     0.3814   0.061759   0.230484  0.0708991 0.00729444 0.00816636
 0.0154058  0.0758793 0.00166382   0.131967  0.0151218   0.381445  0.0618494   0.230474  0.0707375 0.00729105 0.00816516
 0.0154232  0.0759143 0.00166978   0.132011  0.0150606    0.38149  0.0619399   0.230463  0.0705764 0.00728766 0.00816393
 0.0154406  0.0759492 0.00167579   0.132055  0.0149995   0.381534  0.0620305   0.230452   0.070416 0.00728428 0.00816269
 0.0154581   0.075984 0.00168185   0.132099  0.0149385   0.381579  0.0621213    0.23044   0.070256  0.0072809 0.00816144
 0.0154756  0.0760187 0.00168796   0.132143  0.0148774   0.381623  0.0622121   0.230428  0.0700967 0.00727753 0.00816017
 0.0154931  0.0760533 0.00169412   0.132186  0.0148165   0.381668   0.062303   0.230415  0.0699379 0.00727415 0.00815888
 0.0155107  0.0760878 0.00170033    0.13223  0.0147555   0.381712   0.062394   0.230401  0.0697797 0.00727078 0.00815757
 0.0155284  0.0761221  0.0017066   0.132274  0.0146947   0.381757  0.0624852   0.230387   0.069622 0.00726742 0.00815625
  0.015546  0.0761564 0.00171291   0.132317  0.0146338   0.381801  0.0625764   0.230372  0.0694649 0.00726406 0.00815491
 0.0155638  0.0761905 0.00171928   0.132361  0.0145731   0.381845  0.0626677   0.230357  0.0693084  0.0072607 0.00815356
 0.0155815  0.0762246 0.00172569   0.132404  0.0145123    0.38189  0.0627592   0.230341  0.0691525 0.00725735 0.00815219
 0.0155993  0.0762585 0.00173216   0.132447  0.0144516   0.381934  0.0628507   0.230324  0.0689971 0.00725401  0.0081508
 0.0156172  0.0762924 0.00173868   0.132491   0.014391   0.381978  0.0629424   0.230307  0.0688423 0.00725066  0.0081494
 0.0156351  0.0763261 0.00174525   0.132534  0.0143304   0.382022  0.0630341    0.23029   0.068688 0.00724732 0.00814798
 0.0156531  0.0763597 0.00175187   0.132577  0.0142699   0.382066   0.063126   0.230271  0.0685343 0.00724399 0.00814654
  0.015671  0.0763932 0.00175854    0.13262  0.0142094    0.38211  0.0632179   0.230253  0.0683812 0.00724066 0.00814509
 0.0156891  0.0764266 0.00176526   0.132663   0.014149   0.382154    0.06331   0.230233  0.0682287 0.00723733 0.00814362
 0.0157072  0.0764599 0.00177203   0.132706  0.0140887   0.382198  0.0634022   0.230213  0.0680767 0.00723401 0.00814214
 0.0157253  0.0764931 0.00177886   0.132749  0.0140283   0.382242  0.0634944   0.230193  0.0679253 0.00723069 0.00814063
 0.0157435  0.0765262 0.00178573   0.132792  0.0139681   0.382285  0.0635868   0.230171  0.0677745 0.00722738 0.00813912
 0.0157617  0.0765592 0.00179266   0.132835  0.0139079   0.382329  0.0636793    0.23015  0.0676243 0.00722407 0.00813758
 0.0157799   0.076592 0.00179964   0.132877  0.0138477   0.382373  0.0637718   0.230127  0.0674746 0.00722077 0.00813603
 0.0157982  0.0766248 0.00180667    0.13292  0.0137877   0.382416  0.0638645   0.230104  0.0673255 0.00721747 0.00813446
 0.0158166  0.0766574 0.00181375   0.132962  0.0137276    0.38246  0.0639573   0.230081  0.0671769 0.00721418 0.00813288
  0.015835  0.0766899 0.00182087   0.133005  0.0136677   0.382504  0.0640502   0.230057   0.067029 0.00721089 0.00813128
 0.0158534  0.0767224 0.00182806   0.133047  0.0136077   0.382547  0.0641431   0.230032  0.0668816 0.00720761 0.00812966
 0.0158719  0.0767547 0.00183529    0.13309  0.0135479    0.38259  0.0642362   0.230007  0.0667348 0.00720433 0.00812803
 0.0158904  0.0767869 0.00184257   0.133132  0.0134881   0.382634  0.0643294   0.229981  0.0665885 0.00720105 0.00812638
  0.015909   0.076819  0.0018499   0.133174  0.0134284   0.382677  0.0644227   0.229955  0.0664428 0.00719779 0.00812472
 0.0159276  0.0768509 0.00185729   0.133216  0.0133687    0.38272  0.0645161   0.229928  0.0662977 0.00719452 0.00812304
 0.0159463  0.0768828 0.00186472   0.133258  0.0133091   0.382763  0.0646095     0.2299  0.0661532 0.00719126 0.00812134
  0.015965  0.0769146 0.00187221     0.1333  0.0132496   0.382806  0.0647031   0.229872  0.0660093 0.00718801 0.00811963
 0.0159838  0.0769462 0.00187975   0.133342  0.0131901    0.38285  0.0647968   0.229843  0.0658659 0.00718476 0.00811789
 0.0160026  0.0769777 0.00188734   0.133384  0.0131307   0.382893  0.0648906   0.229814  0.0657231 0.00718152 0.00811615
 0.0160215  0.0770092 0.00189498   0.133426  0.0130713   0.382935  0.0649845   0.229784  0.0655809 0.00717828 0.00811439
 0.0160404  0.0770405 0.00190267   0.133467  0.0130121   0.382978  0.0650785   0.229753  0.0654393 0.00717504 0.00811261
 0.0160593  0.0770717 0.00191041   0.133509  0.0129528   0.383021  0.0651726   0.229722  0.0652982 0.00717182 0.00811081
 0.0160783  0.0771028  0.0019182   0.133551  0.0128937   0.383064  0.0652667    0.22969  0.0651577 0.00716859   0.008109
 0.0160973  0.0771338 0.00192604   0.133592  0.0128346   0.383107   0.065361   0.229658  0.0650178 0.00716538 0.00810717
 0.0161164  0.0771646 0.00193393   0.133633  0.0127756   0.383149  0.0654554   0.229625  0.0648785 0.00716216 0.00810533
 0.0161356  0.0771954 0.00194188   0.133675  0.0127167   0.383192  0.0655499   0.229592  0.0647397 0.00715896 0.00810347
 0.0161548   0.077226 0.00194987   0.133716  0.0126578   0.383234  0.0656445   0.229558  0.0646016 0.00715576 0.00810159
  0.016174  0.0772565 0.00195792   0.133757   0.012599   0.383277  0.0657392   0.229523   0.064464 0.00715256  0.0080997
 0.0161933   0.077287 0.00196602   0.133798  0.0125403   0.383319  0.0658339   0.229488   0.064327 0.00714937 0.00809779
 0.0162126  0.0773173 0.00197416   0.133839  0.0124816   0.383361  0.0659288   0.229452  0.0641905 0.00714619 0.00809586
  0.016232  0.0773475 0.00198236    0.13388   0.012423   0.383403  0.0660238   0.229416  0.0640547 0.00714301 0.00809392
 0.0162514  0.0773775 0.00199061   0.133921  0.0123645   0.383446  0.0661189   0.229379  0.0639194 0.00713984 0.00809196
 0.0162708  0.0774075 0.00199891   0.133962  0.0123061   0.383488  0.0662141   0.229342  0.0637847 0.00713667 0.00808999
 0.0162904  0.0774374 0.00200726   0.134002  0.0122477    0.38353  0.0663094   0.229304  0.0636506 0.00713351   0.008088
 0.0163099  0.0774671 0.00201566   0.134043  0.0121895   0.383572  0.0664047   0.229265  0.0635171 0.00713036 0.00808599
 0.0163295  0.0774967 0.00202411   0.134083  0.0121312   0.383614  0.0665002   0.229226  0.0633841 0.00712721 0.00808397
 0.0163492  0.0775262 0.00203262   0.134124  0.0120731   0.383656  0.0665958   0.229186  0.0632517 0.00712407 0.00808193
 0.0163689  0.0775556 0.00204117   0.134164  0.0120151   0.383697  0.0666915   0.229146  0.0631199 0.00712093 0.00807988
 0.0163887  0.0775849 0.00204977   0.134204  0.0119571   0.383739  0.0667872   0.229105  0.0629887  0.0071178  0.0080778
 0.0164085  0.0776141 0.00205843   0.134245  0.0118992   0.383781  0.0668831   0.229063  0.0628581 0.00711467 0.00807572
 0.0164283  0.0776431 0.00206713   0.134285  0.0118414   0.383822  0.0669791   0.229021  0.0627281 0.00711156 0.00807361
 0.0164482  0.0776721 0.00207589   0.134325  0.0117836   0.383864  0.0670751   0.228978  0.0625986 0.00710844 0.00807149
 0.0164682  0.0777009  0.0020847   0.134365   0.011726   0.383905  0.0671713   0.228935  0.0624697 0.00710534 0.00806936
 0.0164882  0.0777296 0.00209355   0.134404  0.0116684   0.383946  0.0672676   0.228891  0.0623414 0.00710224 0.00806721
 0.0165082  0.0777582 0.00210246   0.134444  0.0116109   0.383988  0.0673639   0.228847  0.0622137 0.00709915 0.00806504
 0.0165283  0.0777866 0.00211142   0.134484  0.0115535   0.384029  0.0674604   0.228802  0.0620866 0.00709606 0.00806285
 0.0165485   0.077815 0.00212043   0.134523  0.0114962    0.38407  0.0675569   0.228756    0.06196 0.00709298 0.00806065
 0.0165686  0.0778433 0.00212949   0.134563   0.011439   0.384111  0.0676536    0.22871  0.0618341  0.0070899 0.00805844
 0.0165889  0.0778714  0.0021386   0.134602  0.0113818   0.384152  0.0677503   0.228663  0.0617087 0.00708684 0.00805621
 0.0166092  0.0778994 0.00214776   0.134641  0.0113247   0.384193  0.0678472   0.228616  0.0615839 0.00708377 0.00805396
 0.0166295  0.0779273 0.00215697   0.134681  0.0112678   0.384234  0.0679441   0.228568  0.0614597 0.00708072 0.00805169
 0.0166499  0.0779551 0.00216623    0.13472  0.0112109   0.384275  0.0680411   0.228519  0.0613361 0.00707767 0.00804941
 0.0166704  0.0779827 0.00217554   0.134759  0.0111541   0.384315  0.0681383    0.22847   0.061213 0.00707463 0.00804712
 0.0166908  0.0780103 0.00218491   0.134798  0.0110973   0.384356  0.0682355   0.228421  0.0610906  0.0070716  0.0080448
 0.0167114  0.0780377 0.00219432   0.134836  0.0110407   0.384396  0.0683328    0.22837  0.0609687 0.00706857 0.00804248
  0.016732   0.078065 0.00220378   0.134875  0.0109842   0.384437  0.0684303    0.22832  0.0608474 0.00706555 0.00804013
 0.0167526  0.0780922  0.0022133   0.134914  0.0109277   0.384477  0.0685278   0.228268  0.0607267 0.00706253 0.00803777
 0.0167733  0.0781193 0.00222286   0.134952  0.0108714   0.384518  0.0686254   0.228216  0.0606066 0.00705953 0.00803539
  0.016794  0.0781463 0.00223247   0.134991  0.0108151   0.384558  0.0687231   0.228164  0.0604871 0.00705653   0.008033
 0.0168148  0.0781731 0.00224214   0.135029  0.0107589   0.384598  0.0688209   0.228111  0.0603681 0.00705353 0.00803059
 0.0168357  0.0781998 0.00225185   0.135067  0.0107029   0.384638  0.0689188   0.228057  0.0602498 0.00705055 0.00802817
 0.0168566  0.0782264 0.00226162   0.135106  0.0106469   0.384678  0.0690168   0.228003   0.060132 0.00704757 0.00802573
 0.0168775  0.0782529 0.00227144   0.135144   0.010591   0.384718  0.0691149   0.227948  0.0600148  0.0070446 0.00802327
 0.0168985  0.0782793  0.0022813   0.135182  0.0105352   0.384758  0.0692131   0.227893  0.0598982 0.00704163  0.0080208
 0.0169195  0.0783056 0.00229122   0.135219  0.0104795   0.384797  0.0693114   0.227837  0.0597822 0.00703867 0.00801831
 0.0169406  0.0783317 0.00230118   0.135257  0.0104239   0.384837  0.0694098    0.22778  0.0596668 0.00703572 0.00801581
 0.0169618  0.0783577  0.0023112   0.135295  0.0103684   0.384877  0.0695082   0.227723  0.0595519 0.00703278 0.00801329
  0.016983  0.0783836 0.00232127   0.135333   0.010313   0.384916  0.0696068   0.227665  0.0594377 0.00702984 0.00801075
 0.0170042  0.0784094 0.00233139    0.13537  0.0102577   0.384956  0.0697055   0.227607   0.059324 0.00702692  0.0080082
 0.0170255  0.0784351 0.00234155   0.135407  0.0102025   0.384995  0.0698042   0.227548  0.0592109 0.00702399 0.00800563
 0.0170469  0.0784606 0.00235177   0.135445  0.0101474   0.385034  0.0699031   0.227489  0.0590985 0.00702108 0.00800305
 0.0170683   0.078486 0.00236204   0.135482  0.0100924   0.385073   0.070002   0.227429  0.0589866 0.00701818 0.00800045
 0.0170897  0.0785113 0.00237235   0.135519  0.0100375   0.385112  0.0701011   0.227368  0.0588752 0.00701528 0.00799783
 0.0171112  0.0785365 0.00238272   0.135556 0.00998265   0.385151  0.0702002   0.227307  0.0587645 0.00701239  0.0079952
 0.0171328  0.0785616 0.00239314   0.135593 0.00992795    0.38519  0.0702995   0.227246  0.0586544  0.0070095 0.00799255
 0.0171544  0.0785865 0.00240361   0.135629 0.00987336   0.385229  0.0703988   0.227183  0.0585448 0.00700663 0.00798989
  0.017176  0.0786113 0.00241413   0.135666 0.00981887   0.385268  0.0704982   0.227121  0.0584359 0.00700376 0.00798721
 0.0171978  0.0786361 0.00242469   0.135703 0.00976448   0.385306  0.0705977   0.227057  0.0583275  0.0070009 0.00798452
 0.0172195  0.0786606 0.00243531   0.135739  0.0097102   0.385345  0.0706973   0.226993  0.0582197 0.00699805 0.00798181
 0.0172413  0.0786851 0.00244598   0.135776 0.00965603   0.385384   0.070797   0.226929  0.0581125  0.0069952 0.00797908
 0.0172632  0.0787094 0.00245669   0.135812 0.00960197   0.385422  0.0708968   0.226864  0.0580059 0.00699236 0.00797634
 0.0172851  0.0787337 0.00246746   0.135848 0.00954801    0.38546  0.0709967   0.226798  0.0578999 0.00698954 0.00797358
 0.0173071  0.0787578 0.00247828   0.135884 0.00949416   0.385498  0.0710967   0.226732  0.0577944 0.00698672 0.00797081
 0.0173291  0.0787817 0.00248915    0.13592 0.00944042   0.385536  0.0711968   0.226665  0.0576896  0.0069839 0.00796802
 0.0173512  0.0788056 0.00250006   0.135956 0.00938679   0.385575   0.071297   0.226598  0.0575853  0.0069811 0.00796522
 0.0173733  0.0788293 0.00251103   0.135991 0.00933327   0.385612  0.0713972    0.22653  0.0574817  0.0069783  0.0079624
 0.0173955   0.078853 0.00252204   0.136027 0.00927987    0.38565  0.0714976   0.226461  0.0573786 0.00697551 0.00795956
 0.0174177  0.0788765 0.00253311   0.136062 0.00922657   0.385688   0.071598   0.226392  0.0572761 0.00697273 0.00795671
   0.01744  0.0788998 0.00254422   0.136098 0.00917339   0.385726  0.0716986   0.226322  0.0571742 0.00696996 0.00795384
 0.0174624  0.0789231 0.00255539   0.136133 0.00912032   0.385763  0.0717992   0.226252  0.0570729  0.0069672 0.00795096
 0.0174848  0.0789462  0.0025666   0.136168 0.00906736   0.385801  0.0718999   0.226182  0.0569721 0.00696444 0.00794806
 0.0175072  0.0789692 0.00257787   0.136203 0.00901452   0.385838  0.0720007    0.22611   0.056872 0.00696169 0.00794514
 0.0175297  0.0789921 0.00258918   0.136238  0.0089618   0.385875  0.0721017   0.226038  0.0567725 0.00695895 0.00794222
 0.0175523  0.0790149 0.00260055   0.136273 0.00890919   0.385913  0.0722027   0.225966  0.0566735 0.00695622 0.00793927
 0.0175749  0.0790375 0.00261196   0.136308  0.0088567    0.38595  0.0723038   0.225893  0.0565751  0.0069535 0.00793631
 0.0175975    0.07906 0.00262342   0.136342 0.00880433   0.385987  0.0724049   0.225819  0.0564774 0.00695079 0.00793333
 0.0176202  0.0790824 0.00263493   0.136377 0.00875207   0.386023  0.0725062   0.225745  0.0563802 0.00694808 0.00793034
  0.017643  0.0791047 0.00264649   0.136411 0.00869993    0.38606  0.0726076    0.22567  0.0562836 0.00694539 0.00792733
 0.0176658  0.0791269  0.0026581   0.136446 0.00864792   0.386097  0.0727091   0.225595  0.0561875  0.0069427 0.00792431
 0.0176887  0.0791489 0.00266976    0.13648 0.00859602   0.386134  0.0728106   0.225519  0.0560921 0.00694002 0.00792127
 0.0177116  0.0791708 0.00268147   0.136514 0.00854425    0.38617  0.0729123   0.225443  0.0559973 0.00693735 0.00791822
 0.0177346  0.0791926 0.00269323   0.136548 0.00849259   0.386206   0.073014   0.225366   0.055903 0.00693469 0.00791515
 0.0177577  0.0792142 0.00270504   0.136581 0.00844106   0.386243  0.0731158   0.225289  0.0558094 0.00693204 0.00791206
 0.0177808  0.0792358 0.00271689   0.136615 0.00838965   0.386279  0.0732177    0.22521  0.0557163 0.00692939 0.00790896
 0.0178039  0.0792572  0.0027288   0.136649 0.00833837   0.386315  0.0733197   0.225132  0.0556238 0.00692676 0.00790584
 0.0178271  0.0792785 0.00274076   0.136682 0.00828721   0.386351  0.0734218   0.225053  0.0555319 0.00692413 0.00790271
 0.0178504  0.0792996 0.00275276   0.136715 0.00823618   0.386387   0.073524   0.224973  0.0554406 0.00692152 0.00789957
 0.0178737  0.0793207 0.00276481   0.136749 0.00818527   0.386423  0.0736263   0.224893  0.0553499 0.00691891  0.0078964
  0.017897  0.0793416 0.00277692   0.136782 0.00813449   0.386458  0.0737287   0.224812  0.0552598 0.00691631 0.00789323
 0.0179205  0.0793624 0.00278907   0.136815 0.00808384   0.386494  0.0738312    0.22473  0.0551703 0.00691372 0.00789003
 0.0179439   0.079383 0.00280127   0.136848 0.00803331   0.386529  0.0739337   0.224648  0.0550813 0.00691114 0.00788682
 0.0179675  0.0794036 0.00281352    0.13688 0.00798291   0.386565  0.0740364   0.224566  0.0549929 0.00690857  0.0078836
  0.017991   0.079424 0.00282581   0.136913 0.00793265     0.3866  0.0741391   0.224483  0.0549052   0.006906 0.00788036
 0.0180147  0.0794443 0.00283816   0.136945 0.00788251   0.386635  0.0742419   0.224399   0.054818 0.00690345 0.00787711
 0.0180384  0.0794644 0.00285056   0.136978  0.0078325    0.38667  0.0743448   0.224315  0.0547314 0.00690091 0.00787384
 0.0180621  0.0794845   0.002863    0.13701 0.00778263   0.386705  0.0744478    0.22423  0.0546454 0.00689837 0.00787055
 0.0180859  0.0795044  0.0028755   0.137042 0.00773288    0.38674  0.0745509   0.224145    0.05456 0.00689585 0.00786725
 0.0181098  0.0795242 0.00288804   0.137074 0.00768327   0.386775  0.0746541   0.224059  0.0544751 0.00689333 0.00786394
 0.0181337  0.0795439 0.00290063   0.137106  0.0076338    0.38681  0.0747574   0.223973  0.0543909 0.00689083 0.00786061
 0.0181577  0.0795634 0.00291327   0.137138 0.00758446   0.386844  0.0748608   0.223886  0.0543072 0.00688833 0.00785726
 0.0181817  0.0795828 0.00292596   0.137169 0.00753525   0.386878  0.0749642   0.223798  0.0542242 0.00688584  0.0078539
 0.0182058  0.0796021 0.00293869   0.137201 0.00748618   0.386913  0.0750678    0.22371  0.0541417 0.00688337 0.00785052
 0.0182299  0.0796213 0.00295148   0.137232 0.00743725   0.386947  0.0751714   0.223622  0.0540598  0.0068809 0.00784713
 0.0182541  0.0796403 0.00296431   0.137264 0.00738845   0.386981  0.0752751   0.223532  0.0539785 0.00687844 0.00784372
 0.0182784  0.0796592 0.00297719   0.137295 0.00733979   0.387015  0.0753789   0.223443  0.0538978 0.00687599  0.0078403
 0.0183027   0.079678 0.00299012   0.137326 0.00729127   0.387049  0.0754828   0.223352  0.0538177 0.00687355 0.00783687
 0.0183271  0.0796966  0.0030031   0.137357 0.00724289   0.387083  0.0755868   0.223262  0.0537381 0.00687112 0.00783341
 0.0183515  0.0797152 0.00301613   0.137387 0.00719464   0.387116  0.0756909    0.22317  0.0536592  0.0068687 0.00782995
  0.018376  0.0797336 0.00302921   0.137418 0.00714654    0.38715   0.075795   0.223078  0.0535808  0.0068663 0.00782646
 0.0184005  0.0797519 0.00304233   0.137449 0.00709858   0.387183  0.0758993   0.222986   0.053503  0.0068639 0.00782297
 0.0184251    0.07977  0.0030555   0.137479 0.00705076   0.387216  0.0760036   0.222893  0.0534258 0.00686151 0.00781945
 0.0184498   0.079788 0.00306872   0.137509 0.00700309    0.38725  0.0761081   0.222799  0.0533492 0.00685913 0.00781593
 0.0184745  0.0798059 0.00308199   0.137539 0.00695556   0.387283  0.0762126   0.222705  0.0532732 0.00685676 0.00781238
 0.0184992  0.0798237 0.00309531   0.137569 0.00690817   0.387316  0.0763172   0.222611  0.0531978  0.0068544 0.00780883
  0.018524  0.0798413 0.00310867   0.137599 0.00686093   0.387348  0.0764219   0.222515  0.0531229 0.00685205 0.00780525
 0.0185489  0.0798589 0.00312209   0.137629 0.00681383   0.387381  0.0765267    0.22242  0.0530487 0.00684971 0.00780167
 0.0185739  0.0798762 0.00313555   0.137658 0.00676688   0.387414  0.0766315   0.222323   0.052975 0.00684738 0.00779806
 0.0185988  0.0798935 0.00314906   0.137688 0.00672007   0.387446  0.0767365   0.222227  0.0529019 0.00684506 0.00779445
 0.0186239  0.0799106 0.00316261   0.137717 0.00667341   0.387479  0.0768415   0.222129  0.0528294 0.00684276 0.00779081
  0.018649  0.0799276 0.00317622   0.137746 0.00662691   0.387511  0.0769467   0.222031  0.0527575 0.00684046 0.00778717
 0.0186742  0.0799445 0.00318987   0.137775 0.00658055   0.387543  0.0770519   0.221933  0.0526861 0.00683817  0.0077835
 0.0186994  0.0799613 0.00320357   0.137804 0.00653433   0.387575  0.0771572   0.221834  0.0526154 0.00683589 0.00777983
 0.0187247  0.0799779 0.00321732   0.137833 0.00648827   0.387607  0.0772626   0.221734  0.0525452 0.00683363 0.00777614
   0.01875  0.0799944 0.00323111   0.137862 0.00644237   0.387639  0.0773681   0.221634  0.0524757 0.00683137 0.00777243
 0.0187754  0.0800107 0.00324495    0.13789 0.00639661    0.38767  0.0774736   0.221534  0.0524067 0.00682913 0.00776871
 0.0188008   0.080027 0.00325885   0.137919   0.006351   0.387702  0.0775793   0.221433  0.0523383 0.00682689 0.00776497
 0.0188264  0.0800431 0.00327278   0.137947 0.00630555   0.387733   0.077685   0.221331  0.0522704 0.00682467 0.00776122
 0.0188519  0.0800591 0.00328677   0.137975 0.00626025   0.387764  0.0777909   0.221229  0.0522032 0.00682245 0.00775745
 0.0188776  0.0800749  0.0033008   0.138003 0.00621511   0.387795  0.0778968   0.221126  0.0521365 0.00682025 0.00775367
 0.0189032  0.0800906 0.00331488   0.138031 0.00617012   0.387826  0.0780028   0.221023  0.0520705 0.00681806 0.00774988
  0.018929  0.0801062 0.00332901   0.138059 0.00612529   0.387857  0.0781089   0.220919   0.052005 0.00681587 0.00774607
 0.0189548  0.0801217 0.00334319   0.138086 0.00608061   0.387888   0.078215   0.220814  0.0519401  0.0068137 0.00774224
 0.0189807   0.080137 0.00335741   0.138113 0.00603609   0.387919  0.0783213    0.22071  0.0518758 0.00681154 0.00773841
 0.0190066  0.0801522 0.00337168   0.138141 0.00599173   0.387949  0.0784276   0.220604   0.051812 0.00680939 0.00773455
 0.0190326  0.0801673   0.003386   0.138168 0.00594753    0.38798  0.0785341   0.220498  0.0517489 0.00680725 0.00773068
 0.0190586  0.0801822 0.00340036   0.138195 0.00590349    0.38801  0.0786406   0.220392  0.0516863 0.00680513  0.0077268
 0.0190847   0.080197 0.00341477   0.138222  0.0058596    0.38804  0.0787472   0.220285  0.0516243 0.00680301  0.0077229
 0.0191108  0.0802117 0.00342923   0.138249 0.00581588    0.38807  0.0788539   0.220177  0.0515629 0.00680091 0.00771899
 0.0191371  0.0802263 0.00344373   0.138275 0.00577232     0.3881  0.0789607   0.220069  0.0515021 0.00679881 0.00771506
 0.0191633  0.0802407 0.00345829   0.138302 0.00572892    0.38813  0.0790675    0.21996  0.0514418 0.00679673 0.00771112
 0.0191897   0.080255 0.00347289   0.138328 0.00568568   0.388159  0.0791745   0.219851  0.0513821 0.00679466 0.00770716
 0.0192161  0.0802692 0.00348753   0.138354 0.00564261   0.388189  0.0792815   0.219742  0.0513231 0.00679259 0.00770319
 0.0192425  0.0802832 0.00350222    0.13838  0.0055997   0.388218  0.0793886   0.219631  0.0512646 0.00679055 0.00769921
  0.019269  0.0802971 0.00351696   0.138406 0.00555696   0.388247  0.0794958   0.219521  0.0512066 0.00678851 0.00769521
 0.0192956  0.0803109 0.00353175   0.138432 0.00551438   0.388276  0.0796031   0.219409  0.0511493 0.00678648  0.0076912
 0.0193222  0.0803245 0.00354658   0.138457 0.00547197   0.388305  0.0797105   0.219298  0.0510925 0.00678446 0.00768717
 0.0193489   0.080338 0.00356146   0.138483 0.00542972   0.388334  0.0798179   0.219185  0.0510363 0.00678246 0.00768313
 0.0193757  0.0803514 0.00357639   0.138508 0.00538764   0.388363  0.0799255   0.219072  0.0509807 0.00678047 0.00767907
 0.0194025  0.0803647 0.00359136   0.138533 0.00534573   0.388391  0.0800331   0.218959  0.0509257 0.00677848   0.007675
 0.0194293  0.0803778 0.00360638   0.138558 0.00530399    0.38842  0.0801408   0.218845  0.0508713 0.00677651 0.00767091
 0.0194563  0.0803908 0.00362144   0.138583 0.00526242   0.388448  0.0802486   0.218731  0.0508174 0.00677456 0.00766681
 0.0194833  0.0804036 0.00363655   0.138608 0.00522102   0.388476  0.0803565   0.218616  0.0507641 0.00677261  0.0076627
 0.0195103  0.0804164 0.00365171   0.138632 0.00517979   0.388504  0.0804644     0.2185  0.0507114 0.00677067 0.00765857
 0.0195374   0.080429 0.00366692   0.138657 0.00513873   0.388532  0.0805725   0.218384  0.0506593 0.00676875 0.00765443
 0.0195646  0.0804414 0.00368217   0.138681 0.00509784    0.38856  0.0806806   0.218268  0.0506077 0.00676684 0.00765027
 0.0195918  0.0804538 0.00369746   0.138705 0.00505713   0.388587  0.0807888   0.218151  0.0505567 0.00676494  0.0076461
 0.0196191   0.080466  0.0037128   0.138729 0.00501659   0.388615  0.0808971   0.218033  0.0505063 0.00676305 0.00764191
 0.0196465   0.080478 0.00372819   0.138753 0.00497623   0.388642  0.0810055   0.217915  0.0504565 0.00676117 0.00763771
 0.0196739    0.08049 0.00374363   0.138777 0.00493604   0.388669   0.081114   0.217797  0.0504073 0.00675931  0.0076335
 0.0197014  0.0805018 0.00375911     0.1388 0.00489602   0.388696  0.0812225   0.217677  0.0503586 0.00675745 0.00762927
 0.0197289  0.0805135 0.00377463   0.138823 0.00485618   0.388723  0.0813311   0.217558  0.0503105 0.00675561 0.00762503
 0.0197565   0.080525 0.00379021   0.138847 0.00481652    0.38875  0.0814398   0.217438   0.050263 0.00675378 0.00762077
 0.0197842  0.0805364 0.00380582    0.13887 0.00477704   0.388777  0.0815486   0.217317   0.050216 0.00675196  0.0076165
 0.0198119  0.0805477 0.00382149   0.138893 0.00473774   0.388803  0.0816575   0.217196  0.0501697 0.00675016 0.00761222
 0.0198397  0.0805588 0.00383719   0.138915 0.00469861   0.388829  0.0817665   0.217074  0.0501239 0.00674837 0.00760792
 0.0198675  0.0805698 0.00385295   0.138938 0.00465966   0.388856  0.0818755   0.216952  0.0500787 0.00674658 0.00760361
 0.0198954  0.0805807 0.00386875   0.138961  0.0046209   0.388882  0.0819847   0.216829   0.050034 0.00674481 0.00759928
 0.0199234  0.0805915 0.00388459   0.138983 0.00458232   0.388908  0.0820939   0.216706  0.0499899 0.00674306 0.00759494
 0.0199514  0.0806021 0.00390048   0.139005 0.00454391   0.388933  0.0822032   0.216582  0.0499464 0.00674131 0.00759058
 0.0199795  0.0806126 0.00391642   0.139027 0.00450569   0.388959  0.0823125   0.216458  0.0499035 0.00673958 0.00758622
 0.0200076  0.0806229  0.0039324   0.139049 0.00446766   0.388984   0.082422   0.216333  0.0498611 0.00673786 0.00758183
 0.0200358  0.0806331 0.00394843   0.139071 0.00442981    0.38901  0.0825315   0.216208  0.0498194 0.00673615 0.00757744
 0.0200641  0.0806432  0.0039645   0.139092 0.00439214   0.389035  0.0826412   0.216082  0.0497781 0.00673446 0.00757303
 0.0200924  0.0806532 0.00398062   0.139114 0.00435466    0.38906  0.0827509   0.215956  0.0497375 0.00673277  0.0075686
 0.0201208   0.080663 0.00399678   0.139135 0.00431736   0.389085  0.0828606   0.215829  0.0496974  0.0067311 0.00756417
 0.0201493  0.0806727 0.00401299   0.139156 0.00428025   0.389109  0.0829705   0.215702  0.0496579 0.00672944 0.00755972
 0.0201778  0.0806822 0.00402924   0.139177 0.00424333   0.389134  0.0830805   0.215574   0.049619  0.0067278 0.00755525
 0.0202064  0.0806917 0.00404553   0.139198 0.00420659   0.389158  0.0831905   0.215446  0.0495806 0.00672616 0.00755077
  0.020235  0.0807009 0.00406188   0.139218 0.00417005   0.389183  0.0833006   0.215317  0.0495429 0.00672454 0.00754628
 0.0202638  0.0807101 0.00407826   0.139239 0.00413369   0.389207  0.0834108   0.215188  0.0495056 0.00672294 0.00754177
 0.0202925  0.0807191 0.00409469   0.139259 0.00409752   0.389231  0.0835211   0.215058   0.049469 0.00672134 0.00753725
 0.0203214   0.080728 0.00411117   0.139279 0.00406155   0.389254  0.0836314   0.214927  0.0494329 0.00671976 0.00753272
 0.0203503  0.0807368 0.00412769   0.139299 0.00402576   0.389278  0.0837419   0.214797  0.0493974 0.00671819 0.00752817
 0.0203792  0.0807454 0.00414425   0.139319 0.00399017   0.389302  0.0838524   0.214665  0.0493624 0.00671663 0.00752361
 0.0204082  0.0807539 0.00416086   0.139339 0.00395477   0.389325   0.083963   0.214534   0.049328 0.00671508 0.00751904
 0.0204373  0.0807622 0.00417752   0.139358 0.00391956   0.389348  0.0840737   0.214401  0.0492942 0.00671355 0.00751445
