0.00293814 0.00683879  0.0727523  0.0414437    0.36579   0.114218   0.180193   0.152655   0.033288  0.0194564  0.0104258
0.00294774 0.00674758  0.0708041  0.0391514   0.372263   0.108998   0.182852   0.153391  0.0323357  0.0197949   0.010715
0.00295674 0.00665029  0.0688397  0.0369004   0.378651   0.103955   0.185403   0.154127  0.0313799  0.0201275  0.0110095
 0.0029652 0.00654699  0.0668618   0.034694   0.384948  0.0990946   0.187841   0.154863  0.0304224  0.0204538  0.0113092
 0.0029732 0.00643777   0.064873  0.0325355   0.391146  0.0944235   0.190159   0.155599  0.0294648  0.0207736  0.0116143
0.00298081 0.00632275  0.0628762  0.0304281   0.397238  0.0899465   0.192355   0.156333  0.0285088  0.0210865  0.0119246
0.00298811 0.00620204   0.060874   0.028375   0.403218  0.0856684   0.194422   0.157064  0.0275561  0.0213921  0.0122402
0.00299519 0.00607578  0.0588692  0.0263796   0.409078  0.0815934   0.196356   0.157793  0.0266085  0.0216902  0.0125611
0.00300213 0.00594413  0.0568645   0.024445   0.414813  0.0777252   0.198153   0.158518  0.0256677  0.0219806  0.0128872
0.00300903 0.00580726  0.0548627  0.0225743   0.420415  0.0740671   0.199809   0.159239  0.0247353  0.0222628  0.0132185
0.00301599 0.00566536  0.0528664  0.0207707   0.425879  0.0706219   0.201321   0.159955   0.023813  0.0225367  0.0135551
0.00302311 0.00551863  0.0508784  0.0190373   0.431197  0.0673917   0.202686   0.160666  0.0229027   0.022802  0.0138969
0.00303048  0.0053673  0.0489013  0.0173772   0.436366  0.0643783     0.2039   0.161372   0.022006  0.0230586  0.0142439
0.00303822 0.00521161  0.0469377  0.0157932   0.441377  0.0615828   0.204961   0.162072  0.0211244  0.0233061   0.014596
0.00304644 0.00505181  0.0449903  0.0142883   0.446227  0.0590059   0.205867   0.162766  0.0202598  0.0235445  0.0149532
0.00305524 0.00488818  0.0430616  0.0128654   0.450909  0.0566478   0.206616   0.163454  0.0194137  0.0237736  0.0153156
0.00306474 0.00472102  0.0411541  0.0115273   0.455419   0.054508   0.207206   0.164136  0.0185877  0.0239932   0.015683
0.00307506 0.00455065  0.0392702  0.0102766   0.459751  0.0525857   0.207638   0.164811  0.0177834  0.0242032  0.0160554
0.00308632 0.00437738  0.0374125 0.00911593   0.463901  0.0508795   0.207909    0.16548  0.0170023  0.0244036  0.0164327
0.00309864 0.00420156  0.0355831 0.00804791   0.467864  0.0493876   0.208019   0.166142  0.0162459  0.0245942   0.016815
0.00311213 0.00402357  0.0337845 0.00707494   0.471637  0.0481077   0.207969   0.166798  0.0155157   0.024775  0.0172021
0.00312692 0.00384379  0.0320188 0.00619936   0.475214  0.0470369    0.20776   0.167448  0.0148129   0.024946   0.017594
0.00314313 0.00366261  0.0302881 0.00542341   0.478592  0.0461722    0.20739   0.168091  0.0141392  0.0251071  0.0179907
0.00316087 0.00348046  0.0285945 0.00474923   0.481768  0.0455097   0.206863   0.168728  0.0134956  0.0252584   0.018392
0.00318028 0.00329778    0.02694 0.00417885   0.484739  0.0450456   0.206179   0.169359  0.0128835  0.0253999   0.018798
0.00320147 0.00311501  0.0253265 0.00371416   0.487501  0.0447752    0.20534   0.169983   0.012304  0.0255316  0.0192084
0.00322455 0.00293264  0.0237557 0.00335697   0.490051  0.0446939   0.204348   0.170602  0.0117583  0.0256536  0.0196233
0.00324965 0.00275114  0.0222294 0.00310894   0.492388  0.0447964   0.203206   0.171214  0.0112476  0.0257661  0.0200426
0.00327688 0.00257101  0.0207492 0.00297161   0.494509  0.0450773   0.201916   0.171821  0.0107727   0.025869  0.0204661
0.00330635 0.00239279  0.0193167 0.00294638   0.496413  0.0455307   0.200481   0.172422  0.0103346  0.0259626  0.0208938
0.00333816 0.00221701  0.0179331 0.00303455   0.498096  0.0461505   0.198906   0.173017 0.00993434   0.026047  0.0213256
0.00337243 0.00204421  0.0165999 0.00323724   0.499559  0.0469305   0.197193   0.173607 0.00957257  0.0261223  0.0217614
0.00340925 0.00187496  0.0153183 0.00355546     0.5008   0.047864   0.195346   0.174192  0.0092501  0.0261887  0.0222011
0.00344871 0.00170984  0.0140894 0.00399007   0.501818  0.0489443    0.19337   0.174771 0.00896762  0.0262465  0.0226445
0.00349092 0.00154944  0.0129142  0.0045418   0.502613  0.0501643   0.191269   0.175344 0.00872572  0.0262958  0.0230916
0.00353595 0.00139438  0.0117936 0.00521122   0.503185   0.051517   0.189047   0.175912 0.00852495  0.0263369  0.0235422
0.00358388 0.00124526  0.0107283 0.00599875   0.503533  0.0529949    0.18671   0.176475 0.00836577    0.02637  0.0239962
0.00363479 0.00110272  0.0097191  0.0069047   0.503658  0.0545908   0.184261   0.177032  0.0082486  0.0263953  0.0244534
 0.00368874 0.000967404  0.00876652  0.00792919     0.50356   0.0562972    0.181707    0.177583  0.00817376   0.0264131   0.0249139
 0.00374579 0.000839958  0.00787104  0.00907221    0.503241   0.0581064    0.179053    0.178128   0.0081415   0.0264237   0.0253773
 0.00380599 0.000721045  0.00703301   0.0103336    0.502701   0.0600108    0.176304    0.178668  0.00815201   0.0264274   0.0258436
  0.0038694 0.000611337  0.00625266   0.0117131    0.501942   0.0620029    0.173466    0.179201  0.00820541   0.0264245   0.0263125
 0.00393603 0.000511511  0.00553015   0.0132102    0.500965    0.064075    0.170544    0.179728  0.00830176   0.0264152   0.0267841
 0.00400592 0.000422253   0.0048655   0.0148243    0.499773   0.0662194    0.167543    0.180247  0.00844104   0.0263998    0.027258
 0.00407908 0.000344256  0.00425863   0.0165546    0.498368   0.0684287    0.164471     0.18076  0.00862317   0.0263787   0.0277342
 0.00415553 0.000278216  0.00370937   0.0184004    0.496752   0.0706952    0.161332    0.181265  0.00884799   0.0263521   0.0282124
 0.00423526 0.000224837  0.00321744   0.0203605    0.494928   0.0730116    0.158132    0.181762  0.00911531   0.0263205   0.0286926
 0.00431825 0.000184823  0.00278245   0.0224338    0.492898   0.0753706    0.154878    0.182251  0.00942485   0.0262839   0.0291744
  0.0044045 0.000158883  0.00240392    0.024619    0.490667   0.0777648    0.151575     0.18273  0.00977629   0.0262429   0.0296578
 0.00449395 0.000147726  0.00208129   0.0269146    0.488237   0.0801873    0.148228      0.1832   0.0101692   0.0261977   0.0301425
 0.00458658 0.000152063  0.00181388   0.0293191    0.485613    0.082631    0.144845     0.18366   0.0106033   0.0261486   0.0306284
0.00301699 0.00712461  0.0734241  0.0396722   0.373216   0.112216   0.170897   0.157547  0.0331584  0.0192987  0.0104293
0.00302858 0.00703536  0.0714498  0.0373979   0.379757   0.106981   0.173429   0.158366  0.0322048  0.0196323  0.0107179
0.00303957 0.00693984   0.069459  0.0351673   0.386211    0.10192   0.175857   0.159187  0.0312479    0.01996  0.0110118
0.00305003 0.00683814  0.0674543  0.0329837   0.392569  0.0970373   0.178178   0.160008  0.0302894  0.0202815  0.0113109
0.00306004 0.00673033  0.0654386  0.0308503   0.398825  0.0923401   0.180384   0.160829   0.029331  0.0205963  0.0116152
0.00306966 0.00661652  0.0634146  0.0287704   0.404972  0.0878331   0.182472   0.161648  0.0283744  0.0209042  0.0119248
0.00307897 0.00649681  0.0613852  0.0267471   0.411004   0.083521   0.184438   0.162464  0.0274213  0.0212048  0.0122397
0.00308807 0.00637135  0.0593529  0.0247837   0.416912  0.0794081   0.186275   0.163278  0.0264736  0.0214978  0.0125598
0.00309702 0.00624028  0.0573208  0.0228833   0.422691  0.0754982   0.187982   0.164087  0.0255327   0.021783  0.0128851
0.00310592 0.00610376  0.0552915   0.021049   0.428333  0.0717944   0.189553   0.164892  0.0246006    0.02206  0.0132156
0.00311488 0.00596197  0.0532679  0.0192839   0.433834  0.0682995   0.190986   0.165692  0.0236789  0.0223287  0.0135513
0.00312397 0.00581512  0.0512526  0.0175911   0.439186  0.0650159   0.192278   0.166487  0.0227694  0.0225887  0.0138923
0.00313331 0.00566342  0.0492483  0.0159735   0.444384  0.0619452   0.193425   0.167275  0.0218736    0.02284  0.0142383
0.00314299  0.0055071  0.0472579   0.014434   0.449422  0.0590886   0.194425   0.168057  0.0209934  0.0230822  0.0145895
0.00315313 0.00534642  0.0452838  0.0129756   0.454294  0.0564469   0.195277   0.168833  0.0201303  0.0233152  0.0149458
0.00316383 0.00518165  0.0433288   0.011601   0.458994  0.0540203   0.195977   0.169601   0.019286  0.0235388  0.0153072
0.00317521 0.00501306  0.0413954  0.0103129   0.463519  0.0518085   0.196526   0.170362  0.0184621   0.023753  0.0156736
0.00318737 0.00484098  0.0394861 0.00911396   0.467862  0.0498107   0.196922   0.171115  0.0176601  0.0239575  0.0160449
0.00320043 0.00466572  0.0376034 0.00800678   0.472018  0.0480257   0.197164   0.171861  0.0168816  0.0241524  0.0164212
0.00321451 0.00448763  0.0357496 0.00699381   0.475985  0.0464516   0.197252   0.172598  0.0161281  0.0243374  0.0168024
0.00322972 0.00430706  0.0339272 0.00607742   0.479756  0.0450863   0.197185   0.173328  0.0154011  0.0245126  0.0171885
0.00324618 0.00412439  0.0321383 0.00525989   0.483329  0.0439272   0.196966    0.17405  0.0147019  0.0246779  0.0175793
0.00326401 0.00394003  0.0303851 0.00454341   0.486699   0.042971   0.196593   0.174764  0.0140319  0.0248334  0.0179749
0.00328332 0.00375438  0.0286698 0.00393004   0.489863  0.0422144   0.196069    0.17547  0.0133924   0.024979  0.0183751
0.00330424 0.00356788  0.0269945 0.00342173   0.492817  0.0416534   0.195394   0.176168  0.0127847  0.0251147  0.0187799
0.00332687 0.00338097  0.0253609 0.00302033   0.495559  0.0412836   0.194571   0.176858    0.01221  0.0252407  0.0191892
0.00335134 0.00319413   0.023771 0.00272756   0.498086  0.0411004   0.193601    0.17754  0.0116694  0.0253569  0.0196029
0.00337775 0.00300783  0.0222266 0.00254502   0.500395  0.0410989   0.192487   0.178214  0.0111639  0.0254635   0.020021
0.00340621 0.00282258  0.0207293 0.00247418   0.502484  0.0412736   0.191232    0.17888  0.0106947  0.0255606  0.0204433
0.00343683 0.00263889  0.0192806 0.00251638   0.504352  0.0416189   0.189838   0.179538  0.0102627  0.0256482  0.0208699
0.00346972  0.0024573  0.0178821 0.00267284   0.505996  0.0421288   0.188309   0.180188 0.00986869  0.0257267  0.0213005
0.00350497 0.00227835   0.016535 0.00294462   0.507415  0.0427973   0.186649   0.180831 0.00951356   0.025796  0.0217351
0.00354269  0.0021026  0.0152408 0.00333266   0.508609  0.0436178   0.184861   0.181466 0.00919805  0.0258565  0.0221736
0.00358296 0.00193065  0.0140004 0.00383776   0.509576  0.0445838   0.182949   0.182093 0.00892284  0.0259082  0.0226158
0.00362586 0.00176306   0.012815 0.00446056   0.510316  0.0456884   0.180917   0.182712 0.00868855  0.0259515  0.0230617
 0.0036715 0.00160046  0.0116854 0.00520158   0.510829  0.0469247   0.178771   0.183323  0.0084957  0.0259864  0.0235111
0.00371992 0.00144346  0.0106126 0.00606118   0.511114  0.0482855   0.176514   0.183927 0.00834478  0.0260134   0.023964
0.00377122 0.00129268 0.00959718 0.00703958   0.511173  0.0497637   0.174152   0.184522 0.00823618  0.0260325  0.0244201
0.00382544 0.00114878 0.00863976 0.00813685   0.511005  0.0513518   0.171689   0.185109 0.00817023  0.0260442  0.0248794
0.00388265 0.00101239 0.00774085 0.00935291   0.510612  0.0530425   0.169131   0.185688 0.00814718  0.0260486  0.0253418
 0.00394289 0.000884194  0.00690081   0.0106875    0.509995   0.0548283    0.166482    0.186258  0.00816722    0.026046    0.025807
 0.00400621 0.000764852  0.00611991   0.0121404    0.509155   0.0567019    0.163749     0.18682  0.00823046   0.0260368   0.0262749
 0.00407262 0.000655045  0.00539832   0.0137109    0.508095   0.0586556    0.160937    0.187372  0.00833696   0.0260212   0.0267454
 0.00414217 0.000555463  0.00473607   0.0153984    0.506815    0.060682    0.158051    0.187915  0.00848669   0.0259995   0.0272183
0.00421486  0.0004668 0.00413311  0.0172022   0.505319  0.0627739   0.155097   0.188449 0.00867957   0.025972  0.0276936
  0.0042907 0.000389755  0.00358927   0.0191212    0.503608   0.0649237     0.15208    0.188972  0.00891546    0.025939   0.0281709
 0.00436967 0.000325034  0.00310427   0.0211544    0.501686   0.0671242    0.149007    0.189485  0.00919413   0.0259009   0.0286501
 0.00445178 0.000273347  0.00267775   0.0233005    0.499556   0.0693682    0.145882    0.189986  0.00951531   0.0258579   0.0291311
 0.00453699 0.000235406  0.00230921   0.0255582     0.49722   0.0716487    0.142712    0.190477  0.00987867   0.0258104   0.0296137
 0.00462527 0.000211925  0.00199809    0.027926    0.494683   0.0739586    0.139502    0.190955   0.0102838   0.0257587   0.0300977
 0.00471658 0.000203619  0.00174372   0.0304022    0.491949   0.0762913    0.136258     0.19142   0.0107303    0.025703   0.0305829
0.00309545 0.00741606   0.074077  0.0379215   0.380443   0.110282   0.161741   0.162428  0.0330273  0.0191373  0.0104311
0.00310904 0.00732894  0.0720772  0.0356678   0.387043   0.105037   0.164148   0.163332  0.0320724   0.019466   0.010719
0.00312205 0.00723539  0.0700604  0.0334603   0.393551  0.0999603   0.166457   0.164239  0.0311145  0.0197887  0.0110122
0.00313455 0.00713547  0.0680295   0.031302   0.399961  0.0950596   0.168662   0.165146  0.0301551  0.0201052  0.0113105
0.00314659 0.00702926  0.0659874  0.0291964   0.406265  0.0903399   0.170758   0.166052   0.029196  0.0204149  0.0116141
0.00315825 0.00691686  0.0639367  0.0271465   0.412457  0.0858065   0.172741   0.166957  0.0282389  0.0207177  0.0119229
0.00316962 0.00679836  0.0618805  0.0251556   0.418529  0.0814641   0.174607    0.16786  0.0272856  0.0210131  0.0122369
0.00318075  0.0066739  0.0598214  0.0232267   0.424475  0.0773168   0.176351    0.16876  0.0263377   0.021301  0.0125562
0.00319175 0.00654362  0.0577623   0.021363   0.430288  0.0733684   0.177969   0.169655   0.025397  0.0215809  0.0128806
0.00320269 0.00640766  0.0557061  0.0195675   0.435961  0.0696222   0.179458   0.170546  0.0244653  0.0218527  0.0132102
0.00321368 0.00626621  0.0536556  0.0178433   0.441489   0.066081   0.180814   0.171432  0.0235442   0.022116   0.013545
0.00322479 0.00611946  0.0516136  0.0161934   0.446865   0.062747   0.182035   0.172311  0.0226355  0.0223707  0.0138849
0.00323613 0.00596762  0.0495828  0.0146207   0.452083   0.059622   0.183117   0.173184  0.0217409  0.0226165    0.01423
0.00324781 0.00581091   0.047566   0.013128   0.457137  0.0567073   0.184059   0.174049   0.020862  0.0228533  0.0145802
0.00325991 0.00564958  0.0455659  0.0117182   0.462021  0.0540037   0.184857   0.174907  0.0200006  0.0230808  0.0149354
0.00327256  0.0054839  0.0435851   0.010394   0.466731  0.0515114   0.185512   0.175757  0.0191581   0.023299  0.0152957
0.00328585 0.00531414  0.0416263 0.00915809   0.471261  0.0492302   0.186021   0.176599  0.0183364  0.0235076  0.0156609
0.00329989  0.0051406  0.0396921 0.00801298   0.475606  0.0471595   0.186383   0.177432  0.0175369  0.0237065  0.0160312
0.0033148 0.0049636  0.037785 0.0069612  0.479761  0.045298  0.186597  0.178256 0.0167611 0.0238957 0.0164063
0.00333069 0.00478348  0.0359073 0.00600516   0.483722  0.0436442   0.186664   0.179071  0.0160106  0.0240751  0.0167864
0.00334767 0.00460059  0.0340616 0.00514716   0.487485  0.0421958   0.186584   0.179876  0.0152869  0.0242446  0.0171712
0.00336585 0.00441531  0.0322501 0.00438942   0.491044  0.0409504   0.186356   0.180672  0.0145913  0.0244042  0.0175608
0.00338536 0.00422802  0.0304751 0.00373405   0.494398   0.039905   0.185982   0.181458  0.0139252  0.0245539  0.0179551
0.00340629 0.00403914  0.0287387 0.00318305   0.497542  0.0390561   0.185462   0.182235  0.0132899  0.0246937  0.0183541
0.00342877 0.00384909  0.0270429  0.0027383   0.500472  0.0384001   0.184799   0.183002  0.0126868  0.0248237  0.0187576
 0.0034529 0.00365832  0.0253899 0.00240158   0.503187  0.0379327   0.183993   0.183759  0.0121168  0.0249438  0.0191656
 0.0034788 0.00346729  0.0237815 0.00217454   0.505682  0.0376495   0.183046   0.184506  0.0115814  0.0250541   0.019578
0.00350657 0.00327648  0.0222195  0.0020587   0.507957  0.0375454   0.181962   0.185243  0.0110814  0.0251548  0.0199948
0.00353632 0.00308638  0.0207056 0.00205548   0.510008  0.0376155   0.180743   0.185971   0.010618  0.0252459  0.0204158
0.00356816 0.00289752  0.0192414 0.00216614   0.511833  0.0378541   0.179391   0.186688   0.010192  0.0253276   0.020841
0.00360217 0.00271041  0.0178284 0.00239181   0.513432  0.0382555    0.17791   0.187395 0.00980442     0.0254  0.0212703
0.00363847  0.0025256  0.0164681 0.00273352   0.514802  0.0388137   0.176303   0.188093 0.00945603  0.0254634  0.0217036
0.00367714 0.00234366  0.0151617 0.00319211   0.515942  0.0395224   0.174575    0.18878 0.00914758  0.0255177  0.0221407
0.00371827 0.00216516  0.0139105 0.00376831   0.516853  0.0403752   0.172728   0.189457 0.00887975  0.0255634  0.0225816
0.00376194 0.00199069  0.0127154 0.00446272   0.517533  0.0413654   0.170767   0.190124 0.00865316  0.0256005  0.0230262
0.00380823 0.00182085  0.0115775 0.00527577   0.517982  0.0424863   0.168697    0.19078 0.00846834  0.0256293  0.0234743
0.00385721 0.00165626  0.0104977 0.00620775   0.518201  0.0437308   0.166521   0.191426 0.00832577  0.0256501  0.0239258
0.00390895 0.00149755 0.00947656 0.00725882   0.518189   0.045092   0.164246   0.192062 0.00822583  0.0256631  0.0243807
0.00396351 0.00134536 0.00851485 0.00842897   0.517947  0.0465626   0.161874   0.192687 0.00816887  0.0256685  0.0248387
0.00402093 0.00120034 0.00761305 0.00971808   0.517477  0.0481354   0.159413   0.193301 0.00815512  0.0256666  0.0252997
0.00408126 0.00106316 0.00677157  0.0111258   0.516779  0.0498032   0.156865   0.193904 0.00818478  0.0256578  0.0257636
 0.00414455 0.000934486  0.00599068   0.0126518    0.515856   0.0515587    0.154238    0.194496  0.00825795   0.0256422   0.0262303
 0.00421081 0.000815003  0.00527056   0.0142955    0.514708   0.0533945    0.151536    0.195076  0.00837469   0.0256202   0.0266996
 0.00428007 0.000705399  0.00461128    0.016056    0.513337   0.0553034    0.148764    0.195644  0.00853497   0.0255922   0.0271714
 0.00435234 0.000606372  0.00401279   0.0179326    0.511748   0.0572781    0.145928      0.1962   0.0087387   0.0255583   0.0276454
 0.00442763 0.000518623  0.00347493   0.0199243     0.50994   0.0593114    0.143033    0.196743  0.00898573   0.0255189   0.0281216
 0.00450591 0.000442862  0.00299744   0.0220298    0.507919   0.0613963    0.140086    0.197273  0.00927584   0.0254743   0.0285998
0.00458719  0.0003798 0.00257994  0.0242479   0.505686  0.0635256   0.137091    0.19779 0.00960876  0.0254249  0.0290798
 0.00467142 0.000330154  0.00222196   0.0265772    0.503245   0.0656924    0.134053    0.198292  0.00998414   0.0253708   0.0295614
 0.00475858 0.000294642  0.00192293   0.0290161      0.5006     0.06789    0.130979     0.19878   0.0104016   0.0253126   0.0300444
 0.00484862 0.000273985  0.00168217    0.031563    0.497754   0.0701117    0.127873    0.199253   0.0108607   0.0252504   0.0305287
0.00317346 0.00771282   0.074711  0.0361948   0.387457   0.108423   0.152738   0.167292  0.0328947  0.0189722  0.0104311
0.00318908 0.00762801   0.072686  0.0339644   0.394104   0.103171   0.155023   0.168282  0.0319386  0.0192959  0.0107183
0.00320413  0.0075366  0.0706438  0.0317825   0.400656  0.0980842   0.157214   0.169275  0.0309796  0.0196136  0.0110106
0.00321868 0.00743865  0.0685872  0.0296523   0.407107  0.0931689   0.159306   0.170269  0.0300194  0.0199249  0.0113082
0.00323279 0.00733423  0.0665192  0.0275769   0.413448  0.0884307   0.161295   0.171263  0.0290597  0.0202295  0.0116109
0.00324653 0.00722343  0.0644424  0.0255597   0.419674  0.0838746   0.163176   0.172255  0.0281023   0.020527  0.0119189
0.00325996 0.00710634  0.0623599  0.0236036   0.425777  0.0795055   0.164945   0.173245  0.0271487  0.0208172   0.012232
0.00327318 0.00698308  0.0602745  0.0217117    0.43175  0.0753274   0.166597   0.174232  0.0262009  0.0210998  0.0125502
0.00328625 0.00685378   0.058189  0.0198872   0.437587  0.0713441   0.168129   0.175215  0.0252605  0.0213743  0.0128737
0.00329927  0.0067186  0.0561065   0.018133   0.443281  0.0675589   0.169537   0.176193  0.0243292  0.0216407  0.0132023
0.00331231  0.0065777  0.0540297  0.0164521   0.448826  0.0639747   0.170819   0.177165  0.0234089  0.0218987   0.013536
0.00332548 0.00643127  0.0519615  0.0148475   0.454216  0.0605936   0.171971    0.17813  0.0225011  0.0221479  0.0138749
0.00333887 0.00627951  0.0499047  0.0133219   0.459444  0.0574175   0.172991   0.179088  0.0216077  0.0223882  0.0142189
0.00335257 0.00612263  0.0478621  0.0118783   0.464505  0.0544478   0.173876   0.180039  0.0207303  0.0226195  0.0145679
0.00336668 0.00596088  0.0458364  0.0105193   0.469393  0.0516852   0.174624   0.180981  0.0198706  0.0228414   0.014922
0.00338131 0.00579452  0.0438305 0.00924768   0.474102  0.0491301   0.175234   0.181914  0.0190301  0.0230539  0.0152811
0.00339656 0.00562381   0.041847 0.00806594   0.478629  0.0467825   0.175705   0.182838  0.0182107  0.0232569  0.0156451
0.00341253 0.00544906  0.0398884 0.00697663   0.482967  0.0446415   0.176036   0.183752  0.0174137  0.0234502  0.0160141
0.00342933 0.00527057  0.0379574 0.00598217   0.487111  0.0427063   0.176225   0.184655  0.0166408  0.0236337   0.016388
0.00344708 0.00508867  0.0360565 0.00508491   0.491058  0.0409751   0.176273   0.185549  0.0158934  0.0238073  0.0167667
0.00346587 0.00490371  0.0341881 0.00428708   0.494803  0.0394461    0.17618   0.186432  0.0151731  0.0239711  0.0171502
0.00348583 0.00471607  0.0323546 0.00359082   0.498342  0.0381168   0.175946   0.187303  0.0144812  0.0241249  0.0175385
0.00350705 0.00452612  0.0305582 0.00299818   0.501671  0.0369843   0.175572   0.188164  0.0138191  0.0242687  0.0179314
0.00352965 0.00433427  0.0288012 0.00251107   0.504787  0.0360454   0.175058   0.189013  0.0131881  0.0244027   0.018329
0.00355374 0.00414094  0.0270858 0.00213132   0.507686  0.0352965   0.174407   0.189851  0.0125896  0.0245267  0.0187311
0.00357942 0.00394658  0.0254138 0.00186063   0.510366  0.0347334    0.17362   0.190677  0.0120246  0.0246409  0.0191377
0.00360681 0.00375163  0.0237874 0.00170058   0.512824  0.0343519   0.172699   0.191491  0.0114944  0.0247453  0.0195487
0.00363599 0.00355658  0.0222084 0.00165262   0.515056  0.0341472   0.171646   0.192293  0.0109999    0.02484   0.019964
0.00366709 0.00336191  0.0206785 0.00171808   0.517062  0.0341143   0.170464   0.193083  0.0105424  0.0249251  0.0203835
0.00370019 0.00316815  0.0191993 0.00189816   0.518839  0.0342478   0.169155   0.193861  0.0101226  0.0250008  0.0208073
0.00373539 0.00297581  0.0177725 0.00219394   0.520386  0.0345421   0.167723   0.194627 0.00974155  0.0250671  0.0212351
0.00377278 0.00278543  0.0163994 0.00260634   0.521701  0.0349915   0.166171   0.195381 0.00939999  0.0251243  0.0216668
0.00381246 0.00259758  0.0150815 0.00313615   0.522783  0.0355897   0.164503   0.196122  0.0090987  0.0251726  0.0221025
 0.0038545 0.00241282  0.0138199 0.00378404   0.523632  0.0363306   0.162722   0.196851 0.00883835  0.0252121  0.0225419
0.00389899 0.00223175  0.0126158 0.00455051   0.524247  0.0372076   0.160833   0.197568 0.00861957  0.0252431  0.0229849
  0.003946 0.00205497  0.0114701 0.00543595   0.524628  0.0382142    0.15884   0.198271 0.00844288  0.0252657  0.0234316
0.00399559 0.00188308  0.0103837 0.00644056   0.524775  0.0393434   0.156746   0.198962 0.00830875  0.0252802  0.0238816
0.00404783 0.00171673 0.00935753 0.00756445   0.524688  0.0405886   0.154557    0.19964 0.00821759   0.025287  0.0243349
0.00410277 0.00155656 0.00839208 0.00880754   0.524369  0.0419425   0.152278   0.200304 0.00816971  0.0252861  0.0247915
0.00416047  0.0014032 0.00748795  0.0101696   0.523818  0.0433983   0.149913   0.200955 0.00816537  0.0252779  0.0252511
0.00422095 0.00125734 0.00664557  0.0116504   0.523036  0.0449489   0.147467   0.201593 0.00820474  0.0252627  0.0257136
0.00428426 0.00111963 0.00586523  0.0132492   0.522025   0.046587   0.144946   0.202216 0.00828795  0.0252408  0.0261788
 0.00435043 0.000990769  0.00514714   0.0149656    0.520787   0.0483055    0.142353    0.202826  0.00841503   0.0252125   0.0266467
 0.00441946 0.000871441  0.00449137   0.0167987    0.519324   0.0500974    0.139696    0.203421  0.00858596    0.025178   0.0271171
 0.00449136 0.000762346  0.00389789   0.0187476    0.517638   0.0519555    0.136978    0.204001  0.00880063   0.0251377   0.0275898
 0.00456615 0.000664189  0.00336656   0.0208111    0.515733   0.0538728    0.134205    0.204566  0.00905891   0.0250918   0.0280647
 0.00464379 0.000577681  0.00289712   0.0229882     0.51361   0.0558424    0.131383    0.205115  0.00936056   0.0250408   0.0285416
 0.00472429 0.000503537   0.0024892   0.0252774    0.511273   0.0578573    0.128516    0.205648   0.0097053   0.0249848   0.0290203
  0.0048076 0.000442477  0.00214233   0.0276773    0.508726   0.0599109    0.125611    0.206165   0.0100928   0.0249243   0.0295007
 0.00489369 0.000395224  0.00185594   0.0301862    0.505972   0.0619963    0.122672    0.206664   0.0105226   0.0248595   0.0299826
 0.00498251 0.000362501  0.00162935   0.0328024    0.503015   0.0641072    0.119704    0.207146   0.0109943   0.0247907   0.0304658
0.00325096 0.00801459  0.0753257  0.0344951    0.39424   0.106647   0.143901   0.172132  0.0327603  0.0188033  0.0104293
0.00326863 0.00793225  0.0732762  0.0322906   0.400924   0.101392   0.146066   0.173209  0.0318032  0.0191219  0.0107157
0.00328575 0.00784316  0.0712091  0.0301369    0.40751  0.0962986   0.148143   0.174289  0.0308433  0.0194345  0.0110072
0.00330238 0.00774736  0.0691274  0.0280374    0.41399  0.0913727   0.150125   0.175371  0.0298824  0.0197406  0.0113038
0.00331857  0.0076449  0.0670339   0.025995   0.420359  0.0866198   0.152009   0.176452  0.0289222  0.0200399  0.0116057
0.00333441 0.00753588  0.0649316  0.0240129   0.426608  0.0820449    0.15379   0.177533  0.0279644  0.0203322  0.0119126
0.00334995 0.00742038  0.0628234  0.0220942   0.432732  0.0776529   0.155464   0.178611  0.0270108   0.020617  0.0122247
0.00336527 0.00729852  0.0607122  0.0202419   0.438722  0.0734477   0.157027   0.179687  0.0260631  0.0208941   0.012542
0.00338045 0.00717041  0.0586009   0.018459   0.444573  0.0694332   0.158475   0.180758   0.025123  0.0211633  0.0128644
0.00339557  0.0070362  0.0564926  0.0167485   0.450277  0.0656126   0.159806   0.181823  0.0241923  0.0214242  0.0131919
0.00341071 0.00689606  0.0543901  0.0151133   0.455829  0.0619888   0.161015   0.182883  0.0232728  0.0216766  0.0135245
0.00342597 0.00675015  0.0522963  0.0135562   0.461222  0.0585641   0.162101   0.183936  0.0223661  0.0219203  0.0138622
0.00344143 0.00659868  0.0502141  0.0120801   0.466451  0.0553403    0.16306   0.184981   0.021474   0.022155  0.0142049
0.00345719 0.00644185  0.0481463  0.0106878   0.471509  0.0523187   0.163891   0.186017  0.0205981  0.0223806  0.0145527
0.00347335  0.0062799  0.0460957 0.00938177   0.476391  0.0495004   0.164591   0.187044  0.0197402  0.0225969  0.0149055
   0.00349 0.00611308  0.0440653 0.00816476   0.481091  0.0468856   0.165159   0.188062  0.0189019  0.0228038  0.0152633
0.00350725 0.00594166  0.0420575 0.00703926   0.485605  0.0444744   0.165594   0.189069  0.0180848   0.023001   0.015626
0.00352519 0.00576593  0.0400752 0.00600771   0.489926  0.0422661   0.165895   0.190066  0.0172905  0.0231885  0.0159937
0.00354393 0.00558618   0.038121 0.00507247   0.494052  0.0402598   0.166061   0.191051  0.0165205  0.0233662  0.0163661
0.00356357 0.00540274  0.0361974  0.0042358   0.497976  0.0384541   0.166092   0.192024  0.0157763  0.0235341  0.0167435
0.00358422 0.00521597  0.0343068 0.00349987   0.501695   0.036847   0.165988   0.192985  0.0150595  0.0236919  0.0171255
0.00360599 0.00502621  0.0324519 0.00286675   0.505205  0.0354363    0.16575   0.193934  0.0143714  0.0238399  0.0175123
0.00362898 0.00483385  0.0306348  0.0023384   0.508502  0.0342192   0.165378    0.19487  0.0137135  0.0239778  0.0179038
 0.0036533 0.00463928  0.0288578 0.00191668   0.511582  0.0331926   0.164872   0.195794  0.0130869  0.0241058  0.0182998
0.00367904 0.00444293  0.0271232 0.00160333   0.514442  0.0323529   0.164235   0.196704  0.0124931  0.0242239  0.0187004
0.00370632 0.00424523  0.0254329 0.00139998    0.51708  0.0316964   0.163469     0.1976  0.0119332  0.0243321  0.0191054
0.00373524 0.00404663  0.0237891 0.00130812   0.519492  0.0312186   0.162574   0.198483  0.0114083  0.0244304  0.0195148
0.00376589 0.00384761  0.0221936 0.00132915   0.521677  0.0309152   0.161553   0.199352  0.0109195  0.0245191  0.0199285
0.00379838 0.00364865  0.0206483 0.00146432   0.523631  0.0307811    0.16041   0.200206  0.0104679  0.0245981  0.0203465
 0.0038328 0.00345026  0.0191547 0.00171475   0.525353  0.0308113   0.159145   0.201047  0.0100545  0.0246677  0.0207686
0.00386923 0.00325296  0.0177146 0.00208144   0.526842  0.0310003   0.157763   0.201873 0.00968005   0.024728  0.0211947
0.00390778 0.00305729  0.0163294 0.00256525   0.528096  0.0313424   0.156267   0.202685 0.00934544   0.024779  0.0216248
0.00394851  0.0028638  0.0150004 0.00316691   0.529115  0.0318317    0.15466   0.203482 0.00905142  0.0248211  0.0220588
0.00399152 0.00267307  0.0137291 0.00388698   0.529896  0.0324621   0.152947   0.204265 0.00879866  0.0248544  0.0224966
0.00403688 0.00248569  0.0125164 0.00472593   0.530441  0.0332273    0.15113   0.205032 0.00858779  0.0248792   0.022938
0.00408465 0.00230225  0.0113635 0.00568404   0.530749  0.0341208   0.149213   0.205784 0.00841934  0.0248956  0.0233829
0.00413491 0.00212336  0.0102712 0.00676148    0.53082   0.035136   0.147203   0.206521 0.00829377  0.0249038  0.0238313
 0.0041877 0.00194966 0.00924039 0.00795827   0.530655  0.0362662   0.145101   0.207243 0.00821149  0.0249043   0.024283
0.00424308 0.00178178 0.00827175 0.00927426   0.530254  0.0375047   0.142914   0.207949  0.0081728  0.0248971  0.0247379
 0.0043011 0.00162038 0.00736583  0.0107092   0.529618  0.0388444   0.140646   0.208639 0.00817797  0.0248826  0.0251958
0.00436179 0.00146612 0.00652308  0.0122626   0.528749  0.0402786   0.138302   0.209312 0.00822718   0.024861  0.0256567
0.00442518 0.00131968 0.00574383   0.013934   0.527648  0.0418002   0.135886   0.209969 0.00832052  0.0248327  0.0261203
 0.0044913 0.00118173 0.00502829  0.0157227   0.526318  0.0434022   0.133403    0.21061 0.00845805   0.024798  0.0265866
0.00456015 0.00105296 0.00437657  0.0176277    0.52476  0.0450778    0.13086   0.211233 0.00863973  0.0247571  0.0270555
 0.00463175 0.000934092  0.00378864   0.0196482    0.522976     0.04682     0.12826    0.211839  0.00886546   0.0247103   0.0275266
 0.00470608 0.000825815  0.00326436   0.0217829     0.52097    0.048622    0.125608    0.212427  0.00913508    0.024658       0.028
 0.00478315 0.000728848   0.0028035   0.0240306    0.518745   0.0504768    0.122911    0.212997  0.00944837   0.0246005   0.0284754
0.00486292 0.00064391 0.00240569  0.0263899   0.516303  0.0523779   0.120172   0.213548 0.00980504  0.0245381  0.0289527
 0.00494536 0.000571721  0.00207046   0.0288593    0.513648   0.0543186    0.117398    0.214081   0.0102047    0.024471   0.0294317
 0.00503043 0.000513009  0.00179724    0.031437    0.510785   0.0562923    0.114593    0.214593   0.0106471   0.0243997   0.0299122
 0.00511809 0.000468502  0.00158534   0.0341214    0.507716   0.0582928    0.111762    0.215086   0.0111315   0.0243243   0.0303941
0.00332789 0.00832105  0.0759212  0.0328254   0.400779    0.10496   0.135243   0.176942  0.0326242  0.0186308  0.0104257
0.00334763 0.00824135  0.0738476  0.0306493   0.407488  0.0997063   0.137291   0.178107   0.031666  0.0189442  0.0107112
0.00336684 0.00815474  0.0717562  0.0285266   0.414097  0.0946105   0.139255   0.179274  0.0307054  0.0192515  0.0110018
0.00338557 0.00806124  0.0696499  0.0264603   0.420597  0.0896781    0.14113   0.180444  0.0297438  0.0195522  0.0112975
0.00340388 0.00796093  0.0675316  0.0244534   0.426982  0.0849146   0.142912   0.181614  0.0287832  0.0198462  0.0115983
0.00342183 0.00785387  0.0654043   0.022509   0.433244   0.080325   0.144596   0.182784  0.0278252  0.0201331  0.0119042
 0.0034395 0.00774015  0.0632709  0.0206302   0.439377   0.075914   0.146178   0.183951  0.0268716  0.0204125  0.0122152
0.00345695 0.00761986  0.0611345    0.01882   0.445374  0.0716856   0.147654   0.185116  0.0259241  0.0206841  0.0125313
0.00347426 0.00749312  0.0589981  0.0170812   0.451228  0.0676437   0.149021   0.186276  0.0249845  0.0209477  0.0128526
0.00349152 0.00736008  0.0568646  0.0154167   0.456933  0.0637914   0.150276    0.18743  0.0240545  0.0212031  0.0131789
0.00350879 0.00722089  0.0547369  0.0138296   0.462482  0.0601317   0.151416   0.188578  0.0231358  0.0214499  0.0135102
0.00352617 0.00707571  0.0526181  0.0123224   0.467869  0.0566669   0.152438   0.189719  0.0222303  0.0216879  0.0138467
0.00354374 0.00692473  0.0505111   0.010898   0.473088  0.0533988   0.153339   0.190852  0.0213396   0.021917  0.0141881
 0.0035616 0.00676816  0.0484187 0.00955911   0.478133  0.0503288   0.154118   0.191975  0.0204654  0.0221369  0.0145346
0.00357983 0.00660623  0.0463439 0.00830824   0.482999   0.047458   0.154772   0.193089  0.0196095  0.0223474   0.014886
0.00359854 0.00643917  0.0442894 0.00714794   0.487681  0.0447867   0.155301   0.194192  0.0187734  0.0225485  0.0152424
0.00361782 0.00626726  0.0422581 0.00608068   0.492173   0.042315   0.155702   0.195284  0.0179587  0.0227399  0.0156037
0.00363776 0.00609076  0.0402527 0.00510882   0.496469  0.0400425   0.155976   0.196364  0.0171672  0.0229216  0.0159698
0.00365848 0.00590999  0.0382758 0.00423465   0.500567  0.0379681    0.15612   0.197432  0.0164002  0.0230934  0.0163408
0.00368006 0.00572525  0.0363301 0.00346035    0.50446  0.0360907   0.156136   0.198486  0.0156594  0.0232553  0.0167166
0.00370261 0.00553688  0.0344181 0.00278803   0.508144  0.0344083   0.156023   0.199528  0.0149462  0.0234073  0.0170971
0.00372624 0.00534525  0.0325422 0.00221966   0.511617  0.0329188   0.155782   0.200555  0.0142621  0.0235493  0.0174823
0.00375104 0.00515072   0.030705 0.00175714   0.514873  0.0316197   0.155413   0.201568  0.0136083  0.0236812  0.0178721
0.00377711 0.00495369  0.0289086 0.00140224    0.51791  0.0305078   0.154918   0.202567  0.0129863  0.0238032  0.0182665
0.00380456 0.00475457  0.0271554 0.00115664   0.520724  0.0295798   0.154297    0.20355  0.0123973  0.0239152  0.0186654
0.00383348 0.00455379  0.0254475 0.00102188   0.523313   0.028832   0.153552   0.204518  0.0118425  0.0240174  0.0190687
 0.00386398  0.00435179   0.0237868 0.000999384    0.525673   0.0282603    0.152685    0.205471   0.0113231   0.0241097   0.0194764
0.00389614 0.00414906  0.0221755 0.00109047   0.527802  0.0278602   0.151698   0.206408  0.0108401  0.0241922  0.0198884
0.00393007 0.00394606  0.0206153  0.0012963   0.529698  0.0276271   0.150594   0.207329  0.0103947  0.0242651  0.0203045
0.00396585 0.00374331  0.0191079 0.00161795   0.531359  0.0275559   0.149375   0.208234 0.00998762  0.0243285  0.0207249
0.00400356 0.00354132   0.017655 0.00205631   0.532784  0.0276414   0.148044   0.209122 0.00961992  0.0243826  0.0211492
0.00404331 0.00334063  0.0162582 0.00261219   0.533972   0.027878   0.146605   0.209993 0.00929237  0.0244275  0.0215775
0.00408515 0.00314178  0.0149188 0.00328623   0.534921  0.0282601   0.145061   0.210848 0.00900573  0.0244634  0.0220097
0.00412918 0.00294536  0.0136382 0.00407894   0.535631  0.0287816   0.143414   0.211685 0.00876069  0.0244904  0.0224456
0.00417545 0.00275194  0.0124176 0.00499069   0.536101  0.0294364    0.14167   0.212505 0.00855784  0.0245089  0.0228852
0.00422404 0.00256212  0.0112579 0.00602172   0.536331  0.0302183   0.139832   0.213308 0.00839774   0.024519  0.0233283
0.00427501 0.00237651  0.0101603  0.0071721   0.536322  0.0311209   0.137904   0.214093 0.00828085   0.024521  0.0237749
0.00432841 0.00219573 0.00912546 0.00844179   0.536074  0.0321375    0.13589   0.214859 0.00820756  0.0245151  0.0242247
0.00438428 0.00202044 0.00815415 0.00983059   0.535588  0.0332616   0.133796   0.215608 0.00817819  0.0245016  0.0246778
0.00444268 0.00185128 0.00724697  0.0113382   0.534864  0.0344864   0.131625   0.216338 0.00819298  0.0244807  0.0251339
0.00450362 0.00168891 0.00640438   0.012964   0.533905  0.0358053   0.129382    0.21705 0.00825213  0.0244528   0.025593
0.00456714   0.001534 0.00562674  0.0147075   0.532711  0.0372114   0.127071   0.217742 0.00835573  0.0244181  0.0260548
0.00463326 0.00138725 0.00491428  0.0165679   0.531286   0.038698   0.124699   0.218415 0.00850381  0.0243769  0.0265194
0.00470199 0.00124934 0.00426712  0.0185442    0.52963  0.0402582   0.122268   0.219068 0.00869635  0.0243296  0.0269864
0.00477333 0.00112097 0.00368524  0.0206355   0.527747  0.0418853   0.119786   0.219702 0.00893325  0.0242764  0.0274559
0.00484727 0.00100286 0.00316854  0.0228405   0.525639  0.0435726   0.117255   0.220314 0.00921434  0.0242176  0.0279275
  0.0049238 0.000895716  0.00271676   0.0251579     0.52331   0.0453135    0.114682    0.220906  0.00953938   0.0241536   0.0284012
 0.00500289 0.000800263  0.00232956   0.0275862    0.520762   0.0471014     0.11207    0.221477  0.00990809   0.0240847   0.0288769
 0.00508451 0.000717225  0.00200648   0.0301239       0.518   0.0489299    0.109426    0.222026   0.0103201   0.0240111   0.0293542
 0.00516862 0.000647332  0.00174693   0.0327691    0.515026   0.0507925    0.106754    0.222553    0.010775   0.0239332   0.0298332
 0.00525517 0.000591316  0.00155024   0.0355202    0.511846   0.0526831    0.104059    0.223058   0.0112724   0.0238513   0.0303136
0.00340421  0.0086319  0.0764972  0.0311883   0.407059   0.103368   0.126775   0.181715  0.0324862  0.0184545  0.0104203
0.00342604 0.00855498  0.0744001  0.0290435   0.413783  0.0981209    0.12871   0.182967  0.0315271  0.0187626  0.0107048
0.00344735   0.008471   0.072285  0.0269543   0.420403   0.093027   0.130565   0.184223  0.0305657  0.0190645  0.0109944
 0.0034682 0.00837999  0.0701546  0.0249237   0.426912  0.0880924   0.132335   0.185482  0.0296037  0.0193599   0.011289
0.00348864 0.00828198  0.0680121   0.022955   0.433302  0.0833225   0.134017   0.186741  0.0286427  0.0196484  0.0115887
0.00350874 0.00817705  0.0658604  0.0210509   0.439567  0.0787223   0.135606      0.188  0.0276846  0.0199297  0.0118935
0.00352855 0.00806527  0.0637026  0.0192145   0.445699  0.0742963   0.137099   0.189257  0.0267311  0.0202036  0.0122034
0.00354816 0.00794673  0.0615416  0.0174487   0.451692  0.0700487   0.138492   0.190511  0.0257839  0.0204697  0.0125183
0.00356763 0.00782156  0.0593805  0.0157564   0.457539  0.0659832    0.13978   0.191761  0.0248448  0.0207277  0.0128383
0.00358704 0.00768987  0.0572224  0.0141405   0.463233  0.0621032   0.140963   0.193005  0.0239156  0.0209773  0.0131633
0.00360647 0.00755181  0.0550703  0.0126037   0.468769  0.0584113   0.142035   0.194242   0.022998  0.0212185  0.0134934
  0.003626 0.00740755  0.0529271  0.0111487    0.47414  0.0549101   0.142996   0.195472  0.0220937  0.0214508  0.0138284
0.00364571 0.00725726  0.0507959 0.00977824    0.47934  0.0516013   0.143841   0.196693  0.0212046   0.021674  0.0141685
 0.0036657 0.00710116  0.0486796 0.00849492   0.484363  0.0484865    0.14457   0.197905  0.0203322  0.0218881  0.0145135
0.00368604 0.00693944  0.0465811 0.00730126   0.489204  0.0455666   0.145181   0.199106  0.0194782  0.0220929  0.0148634
0.00370684 0.00677236  0.0445033 0.00619971   0.493857  0.0428422   0.145672   0.200296  0.0186444   0.022288  0.0152183
0.00372819 0.00660017   0.042449 0.00519265   0.498318  0.0403133   0.146042   0.201473  0.0178324  0.0224736   0.015578
0.00375017 0.00642313   0.040421 0.00428237    0.50258  0.0379797    0.14629   0.202638  0.0170437  0.0226493  0.0159426
 0.0037729 0.00624155  0.0384221 0.00347108   0.506641  0.0358403   0.146415   0.203789  0.0162799  0.0228152   0.016312
