  0.0243607   0.0550208   0.0277585   0.0225767   0.0746157    0.323386    0.147471    0.157289    0.165743  0.00165146 0.000127435
  0.0251008   0.0564081   0.0276635   0.0222663    0.073104    0.312597    0.153811    0.159573    0.167615  0.00172257 0.000138742
  0.0258491   0.0577979   0.0275584   0.0219431   0.0716718    0.301848    0.160134    0.161842    0.169409  0.00179599 0.000150909
  0.0266053   0.0591891   0.0274434   0.0216084   0.0703169    0.291162    0.166422    0.164097     0.17112  0.00187175 0.000163987
  0.0273687   0.0605807   0.0273188   0.0212635   0.0690371    0.280562    0.172656    0.166338    0.172748  0.00194985 0.000178028
  0.0281389   0.0619713    0.027185   0.0209098     0.06783    0.270071    0.178816    0.168566    0.174289  0.00203028 0.000193086
  0.0289154   0.0633599   0.0270423    0.020549   0.0666928    0.259712    0.184884     0.17078    0.175742  0.00211306 0.000209217
  0.0296975   0.0647451   0.0268909   0.0201826   0.0656229    0.249508    0.190842    0.172982    0.177104  0.00219815 0.000226476
  0.0304848   0.0661259   0.0267314   0.0198121   0.0646173    0.239482    0.196671    0.175171    0.178374  0.00228556 0.000244924
 0.0312766   0.067501  0.0265641  0.0194392  0.0636728   0.229655   0.202353   0.177349    0.17955 0.00237526 0.00026462
  0.0320724   0.0688693   0.0263893   0.0190656   0.0627863    0.220049    0.207871    0.179514     0.18063  0.00246721 0.000285625
  0.0328715   0.0702295   0.0262076   0.0186931   0.0619545    0.210686    0.213208    0.181667    0.181613   0.0025614 0.000308003
  0.0336734   0.0715804   0.0260193   0.0183233    0.061174    0.201586    0.218348    0.183809    0.182497  0.00265777 0.000331819
  0.0344773   0.0729209   0.0258248   0.0179581   0.0604415    0.192769    0.223273     0.18594    0.183282  0.00275629 0.000357137
  0.0352827   0.0742498   0.0256247   0.0175992   0.0597534    0.184255     0.22797     0.18806    0.183965  0.00285688 0.000384024
  0.0360889   0.0755659   0.0254194   0.0172486   0.0591063    0.176062    0.232422    0.190168    0.184546   0.0029595 0.000412549
  0.0368953    0.076868   0.0252094    0.016908   0.0584967    0.168208    0.236618    0.192265    0.185024  0.00306408 0.000442781
  0.0377011   0.0781551   0.0249951   0.0165793   0.0579212    0.160709    0.240542    0.194352    0.185399  0.00317053 0.000474787
 0.0385058   0.079426  0.0247771  0.0162644  0.0573762   0.153582   0.244184   0.196427    0.18567 0.00327877 0.00050864
 0.0393087  0.0806796  0.0245558  0.0159651  0.0568585    0.14684   0.247532   0.198491   0.185836 0.00338871 0.00054441
  0.0401091   0.0819149   0.0243319   0.0156834   0.0563646    0.140498    0.250575    0.200544    0.185898  0.00350025 0.000582169
  0.0409063   0.0831306   0.0241057   0.0154209   0.0558914    0.134567    0.253303    0.202585    0.185855  0.00361328 0.000621987
  0.0416996   0.0843259   0.0238779   0.0151797   0.0554357     0.12906    0.255709    0.204614    0.185706  0.00372769 0.000663937
  0.0424884   0.0854997   0.0236489   0.0149615   0.0549944    0.123987    0.257784    0.206631    0.185454  0.00384335 0.000708091
 0.0432721   0.086651  0.0234194  0.0147681  0.0545646   0.119355   0.259523   0.208636   0.185096 0.00396013 0.00075452
  0.0440499   0.0877788   0.0231897   0.0146014   0.0541435    0.115174    0.260919    0.210627    0.184635  0.00407788 0.000803296
  0.0448212   0.0888823   0.0229605    0.014463   0.0537285    0.111449    0.261968    0.212606    0.184071  0.00419647 0.000854489
 0.0455853  0.0899606  0.0227323  0.0143547  0.0533169   0.108185   0.262668    0.21457   0.183404 0.00431574 0.00090817
  0.0463416   0.0910127   0.0225057   0.0142781   0.0529065    0.105386    0.263015     0.21652    0.182635  0.00443551 0.000964407
 0.0470895  0.0920379   0.022281   0.014235   0.052495   0.103054   0.263008   0.218455   0.181766 0.00455563 0.00102327
 0.0478282  0.0930354   0.022059  0.0142268  0.0520805    0.10119   0.262648   0.220374   0.180796 0.00467592 0.00108482
 0.0485573  0.0940044  0.0218401  0.0142552   0.051661  0.0997948   0.261936   0.222277   0.179729 0.00479619 0.00114913
 0.0492761  0.0949443  0.0216247  0.0143216   0.051235  0.0988655   0.260873   0.224163   0.178564 0.00491624 0.00121626
 0.0499839  0.0958543  0.0214135  0.0144274  0.0508008  0.0983996   0.259464   0.226031   0.177304 0.00503589 0.00128627
 0.0506803  0.0967338  0.0212069  0.0145741  0.0503573  0.0983929   0.257711    0.22788    0.17595 0.00515493 0.00135922
 0.0513646  0.0975823  0.0210054  0.0147628  0.0499033  0.0988398    0.25562    0.22971   0.174503 0.00527315 0.00143517
 0.0520364  0.0983993  0.0208095  0.0149948  0.0494378  0.0997336   0.253198   0.231519   0.172967 0.00539034 0.00151416
  0.052695  0.0991841  0.0206197  0.0152713  0.0489603   0.101066   0.250452   0.233307   0.171341 0.00550627 0.00159626
 0.0533399  0.0999364  0.0204363  0.0155933    0.04847   0.102829   0.247391   0.235073    0.16963 0.00562073 0.00168151
 0.0539707   0.100656  0.0202599  0.0159619  0.0479666    0.10501   0.244022   0.236816   0.167834 0.00573349 0.00176995
 0.0545868   0.101342  0.0200908   0.016378    0.04745     0.1076   0.240356   0.238535   0.165955 0.00584431 0.00186163
 0.0551879   0.101994  0.0199294  0.0168423    0.04692   0.110586   0.236405   0.240229   0.163998 0.00595297 0.00195658
 0.0557734   0.102613  0.0197763  0.0173556  0.0463769   0.113953   0.232179   0.241896   0.161962 0.00605923 0.00205483
  0.056343   0.103197  0.0196316  0.0179186   0.045821   0.117688   0.227691   0.243538   0.159852 0.00616286 0.00215642
 0.0568963   0.103747  0.0194958  0.0185319  0.0452527   0.121775   0.222955   0.245151    0.15767 0.00626362 0.00226137
 0.0574328   0.104263  0.0193691  0.0191959  0.0446727   0.126198   0.217984   0.246735   0.155418 0.00636127 0.00236969
 0.0579522   0.104744   0.019252   0.019911  0.0440816   0.130941   0.212792    0.24829   0.153099 0.00645557  0.0024814
 0.0584543   0.105191  0.0191447  0.0206775  0.0434804   0.135984   0.207396   0.249814   0.150716 0.00654631  0.0025965
 0.0589386   0.105603  0.0190474  0.0214955  0.0428701   0.141311   0.201809   0.251307   0.148271 0.00663323 0.00271501
  0.059405    0.10598  0.0189604  0.0223652  0.0422517   0.146901   0.196048   0.252767   0.145768 0.00671612 0.00283692
 0.0598531   0.106323  0.0188839  0.0232866  0.0416265   0.152736    0.19013   0.254194    0.14321 0.00679475 0.00296222
  0.0238939   0.0543642    0.026531   0.0286579   0.0889473    0.313614    0.139002    0.159622    0.163493  0.00178267 9.22354e-05
  0.0246189   0.0557426   0.0264277   0.0281213   0.0878508    0.303443    0.144943     0.16163    0.165262  0.00186029 0.000101421
  0.0253519   0.0571237   0.0263146   0.0275658   0.0868413    0.293302    0.150883    0.163616     0.16695  0.00194038 0.000111376
  0.0260926   0.0585065   0.0261921   0.0269931   0.0859159    0.283212    0.156804    0.165582    0.168556  0.00202295 0.000122149
  0.0268405   0.0598897   0.0260605    0.026405   0.0850715    0.273196     0.16269    0.167527    0.170078  0.00210799 0.000133793
   0.027595   0.0612722   0.0259201   0.0258034   0.0843048    0.263275    0.168522    0.169453    0.171513  0.00219552 0.000146359
  0.0283556   0.0626529   0.0257711   0.0251903   0.0836123    0.253472    0.174282    0.171359    0.172859  0.00228552 0.000159901
  0.0291218   0.0640305    0.025614   0.0245676   0.0829903    0.243807    0.179953    0.173248    0.174115  0.00237797 0.000174477
   0.029893   0.0654038    0.025449   0.0239375    0.082435    0.234303    0.185518    0.175119    0.175279  0.00247286 0.000190145
  0.0306686   0.0667718   0.0252766   0.0233021   0.0819424    0.224981    0.190959    0.176973    0.176348  0.00257016 0.000206963
  0.0314481    0.068133   0.0250972   0.0226636   0.0815084    0.215862    0.196259    0.178811    0.177323  0.00266984 0.000224994
  0.0322308   0.0694865   0.0249111    0.022024   0.0811288    0.206966    0.201403    0.180634      0.1782  0.00277185 0.000244301
  0.0330162    0.070831   0.0247187   0.0213858   0.0807994    0.198314    0.206373    0.182441    0.178979  0.00287615 0.000264949
  0.0338036   0.0721653   0.0245205   0.0207511   0.0805159    0.189925    0.211155    0.184235    0.179659  0.00298268 0.000287003
  0.0345924   0.0734882   0.0243169   0.0201222   0.0802738    0.181818    0.215734    0.186014    0.180239  0.00309139 0.000310532
  0.0353819   0.0747987   0.0241083   0.0195014   0.0800689    0.174011    0.220094     0.18778    0.180718   0.0032022 0.000335604
  0.0361715   0.0760954   0.0238952   0.0188911   0.0798968    0.166521    0.224223    0.189533    0.181096  0.00331503 0.000362289
  0.0369606   0.0773774    0.023678   0.0182936   0.0797532    0.159366    0.228107    0.191273    0.181371   0.0034298 0.000390659
  0.0377484   0.0786435   0.0234573   0.0177112   0.0796336     0.15256    0.231734    0.193001    0.181543  0.00354642 0.000420786
  0.0385344   0.0798925   0.0232334   0.0171462   0.0795341    0.146118    0.235093    0.194718    0.181613  0.00366479 0.000452743
  0.0393179   0.0811235   0.0230068    0.016601   0.0794503    0.140055    0.238172    0.196423     0.18158   0.0037848 0.000486604
  0.0400981   0.0823353   0.0227781   0.0160779   0.0793782    0.134382    0.240962    0.198116    0.181444  0.00390632 0.000522445
  0.0408744    0.083527   0.0225477   0.0155791   0.0793139    0.129112    0.243453    0.199798    0.181205  0.00402924 0.000560339
  0.0416462   0.0846975   0.0223161   0.0151069   0.0792536    0.124255    0.245639    0.201468    0.180864  0.00415342 0.000600362
  0.0424128   0.0858458   0.0220838   0.0146635   0.0791936    0.119819    0.247511    0.203128    0.180421  0.00427871 0.000642591
  0.0431735    0.086971   0.0218513   0.0142511   0.0791304    0.115815    0.249064    0.204776    0.179877  0.00440498 0.000687101
  0.0439276   0.0880722    0.021619   0.0138719   0.0790606    0.112247    0.250292    0.206412    0.179232  0.00453205 0.000733966
  0.0446746   0.0891485   0.0213875   0.0135279   0.0789811    0.109122    0.251191    0.208037    0.178487  0.00465977 0.000783263
  0.0454137    0.090199   0.0211572   0.0132213   0.0788889    0.106445    0.251758    0.209651    0.177644  0.00478796 0.000835066
  0.0461444    0.091223   0.0209287   0.0129539   0.0787811    0.104218    0.251991    0.211252    0.176702  0.00491644 0.000889449
   0.046866   0.0922196   0.0207023   0.0127277   0.0786553    0.102444    0.251889     0.21284    0.175665  0.00504502 0.000946484
 0.0475778  0.0931881  0.0204786  0.0125446   0.078509   0.101123   0.251451   0.214416   0.174532 0.00517351 0.00100624
 0.0482794  0.0941279   0.020258  0.0124063    0.07834   0.100254   0.250679   0.215978   0.173306 0.00530171  0.0010688
   0.04897  0.0950382   0.020041  0.0123146  0.0781466  0.0998354   0.249575   0.217527   0.171988  0.0054294 0.00113422
 0.0496491  0.0959185  0.0198281   0.012271  0.0779268  0.0998643   0.248142   0.219061    0.17058 0.00555637 0.00120257
 0.0503161  0.0967682  0.0196196  0.0122772  0.0776793   0.100336   0.246382   0.220581   0.169084  0.0056824 0.00127391
 0.0509706  0.0975866   0.019416  0.0123346  0.0774028   0.101245   0.244303   0.222085   0.167501 0.00580728 0.00134832
 0.0516118  0.0983735  0.0192178  0.0124445  0.0770963   0.102585   0.241909   0.223572   0.165833 0.00593076 0.00142584
 0.0522394  0.0991283  0.0190253  0.0126081  0.0767589   0.104347   0.239207   0.225043   0.164084 0.00605262 0.00150654
 0.0528529  0.0998506  0.0188388  0.0128268    0.07639   0.106523   0.236205   0.226496   0.162254 0.00617261 0.00159047
 0.0534516    0.10054  0.0186589  0.0131015  0.0759894   0.109101   0.232911   0.227931   0.160347  0.0062905 0.00167768
 0.0540353   0.101196  0.0184858  0.0134332  0.0755568   0.112072   0.229336   0.229346   0.158364 0.00640605 0.00176822
 0.0546034   0.101819    0.01832  0.0138227  0.0750924   0.115422   0.225489   0.230742   0.156309 0.00651901 0.00186214
 0.0551555   0.102409  0.0181616  0.0142709  0.0745963   0.119138   0.221381   0.232116   0.154183 0.00662914 0.00195947
 0.0556913   0.102964  0.0180111  0.0147783   0.074069   0.123206   0.217024   0.233469    0.15199 0.00673618 0.00206024
 0.0562103   0.103486  0.0178688  0.0153454  0.0735112   0.127612   0.212431     0.2348   0.149732 0.00683991  0.0021645
 0.0567123   0.103974  0.0177348  0.0159728  0.0729237   0.132339   0.207614   0.236107   0.147411 0.00694006 0.00227226
 0.0571968   0.104427  0.0176095  0.0166606  0.0723075    0.13737   0.202587    0.23739   0.145031 0.00703641 0.00238355
 0.0576636   0.104847  0.0174931  0.0174091  0.0716637   0.142688   0.197365   0.238648   0.142595 0.00712871 0.00249839
 0.0581123   0.105233  0.0173859  0.0182183  0.0709937   0.148275   0.191963    0.23988   0.140105 0.00721673 0.00261678
 0.0585428   0.105585  0.0172879  0.0190882  0.0702989   0.154114   0.186394   0.241086   0.137565 0.00730023 0.00273873
  0.0234239   0.0535764   0.0255452   0.0357173    0.105406     0.30097    0.128309    0.163877    0.161181  0.00193166 6.21562e-05
  0.0241333   0.0549446   0.0254251   0.0349297    0.104841     0.29145    0.133744    0.165605    0.162843  0.00201588 6.93425e-05
  0.0248506   0.0563158   0.0252954   0.0341168     0.10437    0.281949    0.139195    0.167303    0.164424   0.0021027 7.72065e-05
  0.0255754   0.0576889   0.0251564   0.0332807     0.10399    0.272488    0.144648    0.168971    0.165923  0.00219214 8.57955e-05
  0.0263072   0.0590628   0.0250083   0.0324238    0.103698    0.263088    0.150085    0.170611    0.167336  0.00228418 9.51589e-05
  0.0270454   0.0604363   0.0248515   0.0315485    0.103488     0.25377     0.15549    0.172224    0.168663  0.00237883 0.000105348
  0.0277896   0.0618083   0.0246863   0.0306573    0.103357    0.244553    0.160846     0.17381      0.1699  0.00247607 0.000116416
  0.0285393   0.0631775    0.024513   0.0297526    0.103299    0.235458    0.166138    0.175371    0.171047  0.00257588 0.000128419
  0.0292938   0.0645429    0.024332    0.028837    0.103311    0.226506    0.171348    0.176908    0.172102  0.00267823 0.000141413
  0.0300527   0.0659031   0.0241437   0.0279132    0.103386    0.217717    0.176461    0.178422    0.173063   0.0027831 0.000155458
  0.0308153   0.0672572   0.0239485   0.0269839    0.103521    0.209111     0.18146    0.179914    0.173928  0.00289044 0.000170615
   0.031581   0.0686037   0.0237466   0.0260517    0.103709    0.200708     0.18633    0.181385    0.174698  0.00300021 0.000186946
  0.0323492   0.0699417   0.0235387   0.0251195    0.103946    0.192527    0.191056    0.182835    0.175369  0.00311236 0.000204517
  0.0331194   0.0712699   0.0233249     0.02419    0.104227    0.184586    0.195623    0.184267    0.175943  0.00322682 0.000223393
  0.0338908   0.0725871   0.0231059   0.0232661    0.104546    0.176904    0.200015    0.185681    0.176417  0.00334352 0.000243643
  0.0346629   0.0738922   0.0228819   0.0223506    0.104897    0.169499     0.20422    0.187077    0.176791  0.00346239 0.000265336
  0.0354351   0.0751841   0.0226535   0.0214463    0.105276    0.162387    0.208223    0.188458    0.177065  0.00358334 0.000288543
  0.0362066   0.0764616   0.0224211   0.0205561    0.105678    0.155585    0.212012    0.189822    0.177238  0.00370629 0.000313337
  0.0369768   0.0777237   0.0221851   0.0196828    0.106096    0.149108    0.215575    0.191173     0.17731  0.00383112 0.000339792
   0.037745   0.0789692   0.0219459   0.0188292    0.106527     0.14297    0.218899    0.192509    0.177281  0.00395773 0.000367983
  0.0385107    0.080197   0.0217042   0.0179981    0.106964    0.137186    0.221974    0.193832     0.17715  0.00408601 0.000397986
   0.039273   0.0814062   0.0214602   0.0171924    0.107403    0.131768     0.22479    0.195142    0.176919  0.00421582 0.000429877
  0.0400315   0.0825957   0.0212145   0.0164148     0.10784    0.126728    0.227338     0.19644    0.176588  0.00434704 0.000463736
 0.0407853  0.0837644  0.0209675  0.0156679   0.108268   0.122076   0.229609   0.197726   0.176156 0.00447951 0.00049964
  0.0415339   0.0849115   0.0207197   0.0149545    0.108685    0.117823    0.231595    0.199002    0.175625   0.0046131 0.000537669
  0.0422765    0.086036   0.0204715   0.0142772    0.109086    0.113977    0.233289    0.200266    0.174994  0.00474763 0.000577902
  0.0430126   0.0871369   0.0202235   0.0136385    0.109466    0.110546    0.234686     0.20152    0.174267  0.00488294 0.000620419
 0.0437414  0.0882135   0.019976   0.013041   0.109823   0.107535   0.235781   0.202764   0.173442 0.00501887  0.0006653
  0.0444624   0.0892648   0.0197296   0.0124871    0.110151     0.10495    0.236569    0.203997    0.172521  0.00515521 0.000712624
  0.0451749   0.0902901   0.0194846    0.011979    0.110447    0.102795    0.237048     0.20522    0.171507  0.00529179 0.000762471
 0.0458782  0.0912885  0.0192416  0.0115192   0.110709   0.101073   0.237214   0.206434   0.170399 0.00542841 0.00081492
  0.0465718   0.0922594   0.0190009   0.0111098    0.110934   0.0997855    0.237068    0.207637    0.169199  0.00556486 0.000870048
   0.047255   0.0932021   0.0187629   0.0107529    0.111118   0.0989325    0.236608     0.20883     0.16791  0.00570093 0.000927932
 0.0479273  0.0941159  0.0185282  0.0104505   0.111259  0.0985133   0.235836   0.210012   0.166532  0.0058364 0.00098865
  0.048588  0.0950002  0.0182972  0.0102045   0.111356   0.098526   0.234753   0.211184   0.165068 0.00597105 0.00105227
 0.0492367  0.0958545  0.0180701  0.0100168   0.111405  0.0989673   0.233361   0.212345   0.163519 0.00610465 0.00111888
 0.0498727  0.0966781  0.0178475 0.00988887   0.111406  0.0998329   0.231664   0.213495   0.161889 0.00623697 0.00118853
 0.0504955  0.0974708  0.0176296 0.00982244   0.111357   0.101117   0.229667   0.214634   0.160178 0.00636776 0.00126131
 0.0511046  0.0982319   0.017417 0.00981894   0.111257   0.102813   0.227375    0.21576   0.158389 0.00649679 0.00133727
 0.0516995  0.0989611  0.0172098 0.00987971   0.111104   0.104914   0.224793   0.216874   0.156524 0.00662381 0.00141648
 0.0522798  0.0996582  0.0170085   0.010006   0.110899    0.10741    0.22193   0.217975   0.154586 0.00674857   0.001499
 0.0528449   0.100323  0.0168135  0.0101988   0.110641   0.110291   0.218793   0.219062   0.152577 0.00687083  0.0015849
 0.0533944   0.100954  0.0166249  0.0104592    0.11033   0.113547    0.21539   0.220135   0.150501 0.00699032 0.00167421
0.0539279  0.101553 0.0164431 0.0107879  0.109966  0.117165  0.211731  0.221193  0.148358 0.0071068  0.001767
  0.054445   0.102119  0.0162684  0.0111857    0.10955   0.121133   0.207827   0.222236   0.146153 0.00722002 0.00186332
 0.0549454   0.102651  0.0161011  0.0116532   0.109081   0.125437   0.203688   0.223263   0.143888 0.00732971  0.0019632
 0.0554286    0.10315  0.0159414  0.0121907   0.108561   0.130062   0.199325   0.224273   0.141565 0.00743564 0.00206669
 0.0558944   0.103616  0.0157895  0.0127986   0.107991   0.134994   0.194752   0.225265   0.139188 0.00753756 0.00217381
 0.0563424   0.104049  0.0156456  0.0134771   0.107373   0.140215    0.18998   0.226239   0.136759 0.00763521  0.0022846
 0.0567725   0.104448    0.01551  0.0142261   0.106707    0.14571   0.185023   0.227194   0.134282 0.00772837 0.00239908
 0.0571842   0.104814  0.0153828  0.0150456   0.105995   0.151461   0.179895    0.22813    0.13176 0.00781679 0.00251728
  0.0229501   0.0526674   0.0248507   0.0438038    0.123409    0.285696    0.115727    0.169986    0.158776  0.00209642 3.76872e-05
  0.0236435   0.0540237   0.0247065   0.0427473    0.123477     0.27685    0.120563    0.171429    0.160329  0.00218721 4.30234e-05
  0.0243446   0.0553835   0.0245523   0.0416587    0.123648    0.268016    0.125435    0.172832    0.161801  0.00228072 4.89451e-05
  0.0250531   0.0567456   0.0243886   0.0405408    0.123917     0.25921    0.130329    0.174195     0.16319  0.00237697 5.54977e-05
  0.0257684   0.0581089   0.0242157   0.0393965    0.124279    0.250452    0.135229     0.17552    0.164492  0.00247593 6.27287e-05
  0.0264899   0.0594722   0.0240338   0.0382287    0.124729     0.24176    0.140121    0.176809    0.165708  0.00257759 7.06878e-05
  0.0272173   0.0608343   0.0238433   0.0370402    0.125262    0.233155    0.144991    0.178063    0.166834  0.00268195 7.94267e-05
  0.0279499   0.0621942   0.0236447   0.0358343    0.125872    0.224654    0.149821    0.179283    0.167869  0.00278898 8.89994e-05
  0.0286873   0.0635506   0.0234381    0.034614    0.126553    0.216277    0.154599     0.18047    0.168812  0.00289865 9.94618e-05
  0.0294288   0.0649024   0.0232242   0.0333825      0.1273    0.208043    0.159308    0.181627    0.169662  0.00301091 0.000110872
  0.030174  0.0662483  0.0230031   0.032143   0.128107   0.199971   0.163934   0.182754   0.170417 0.00312572 0.00012329
  0.0309221   0.0675874   0.0227754   0.0308989    0.128967    0.192079    0.168461    0.183854    0.171075  0.00324304 0.000136779
  0.0316726   0.0689182   0.0225415   0.0296535    0.129874    0.184385    0.172877    0.184927    0.171637   0.0033628 0.000151401
   0.032425   0.0702399   0.0223017     0.02841    0.130822    0.176908    0.177165    0.185975    0.172102  0.00348494 0.000167224
  0.0331785    0.071551   0.0220566   0.0271718    0.131805    0.169664    0.181313    0.186999    0.172468  0.00360937 0.000184316
  0.0339325   0.0728506   0.0218065   0.0259425    0.132817     0.16267    0.185307    0.188001    0.172735  0.00373602 0.000202746
  0.0346865   0.0741375   0.0215519   0.0247252    0.133851    0.155943    0.189133    0.188982    0.172903  0.00386479 0.000222586
  0.0354397   0.0754106   0.0212933   0.0235234      0.1349    0.149499    0.192779    0.189943    0.172971  0.00399559 0.000243909
 0.0361916  0.0766688   0.021031  0.0223405   0.135959   0.143353   0.196234   0.190886   0.172941  0.0041283 0.00026679
  0.0369414    0.077911   0.0207656   0.0211798    0.137022    0.137518    0.199485    0.191812     0.17281  0.00426282 0.000291306
  0.0376885   0.0791361   0.0204976   0.0200446    0.138083     0.13201    0.202521    0.192722    0.172581  0.00439901 0.000317534
  0.0384323   0.0803431   0.0202273   0.0189382    0.139136    0.126839    0.205333    0.193616    0.172253  0.00453673 0.000345553
  0.0391721    0.081531   0.0199553   0.0178639    0.140174    0.122019     0.20791    0.194497    0.171826  0.00467586 0.000375444
  0.0399072   0.0826989   0.0196819   0.0168249    0.141194    0.117559    0.210244    0.195365    0.171302  0.00481624 0.000407288
   0.040637   0.0838456   0.0194078   0.0158242    0.142189    0.113471    0.212326     0.19622    0.170681   0.0049577 0.000441167
  0.0413608   0.0849704   0.0191333    0.014865    0.143154    0.109763    0.214149    0.197064    0.169963  0.00510008 0.000477163
  0.0420779   0.0860723   0.0188588   0.0139502    0.144084    0.106443    0.215707    0.197898    0.169151  0.00524321 0.000515361
  0.0427878   0.0871504   0.0185849   0.0130828    0.144974    0.103518    0.216993    0.198721    0.168245  0.00538691 0.000555845
  0.0434897   0.0882039   0.0183119   0.0122656    0.145821    0.100994    0.218002    0.199535    0.167246  0.00553097 0.000598698
  0.0441831   0.0892321   0.0180404   0.0115013     0.14662   0.0988764    0.218731    0.200341    0.166156  0.00567521 0.000644004
  0.0448674   0.0902341   0.0177707   0.0107925    0.147367   0.0971678    0.219175    0.201138    0.164976  0.00581942 0.000691848
  0.0455418   0.0912092   0.0175032   0.0101419    0.148058   0.0958711    0.219333    0.201927    0.163708  0.00596338 0.000742313
  0.0462058   0.0921568   0.0172385  0.00955178     0.14869    0.094988    0.219204    0.202709    0.162355  0.00610688 0.000795482
  0.0468588   0.0930762   0.0169768  0.00902449     0.14926   0.0945186    0.218785    0.203483    0.160916  0.00624969 0.000851438
  0.0475003   0.0939668   0.0167187  0.00856221    0.149765   0.0944621    0.218078    0.204249    0.159395  0.00639158 0.000910263
  0.0481296   0.0948281   0.0164644  0.00816699    0.150203   0.0948167    0.217084    0.205009    0.157794  0.00653231 0.000972036
 0.0487462  0.0956594  0.0162143 0.00784077   0.150571  0.0955791   0.215805   0.205761   0.156115 0.00667164 0.00103684
 0.0493496  0.0964605  0.0159689 0.00758533   0.150868  0.0967453   0.214243   0.206506    0.15436 0.00680934 0.00110474
 0.0499393  0.0972307  0.0157284 0.00740233   0.151092    0.09831   0.212402   0.207243   0.152531 0.00694514 0.00117583
 0.0505148  0.0979699  0.0154932 0.00729327   0.151242   0.100267   0.210288   0.207973   0.150631 0.00707879 0.00125016
 0.0510755  0.0986775  0.0152636 0.00725954   0.151316   0.102608   0.207904   0.208695   0.148662 0.00721005 0.00132782
 0.0516211  0.0993534  0.0150399 0.00730233   0.151315   0.105326   0.205258   0.209409   0.146628 0.00733865 0.00140888
  0.052151  0.0999972  0.0148224 0.00742272   0.151238   0.108411   0.202356   0.210115   0.144529 0.00746434 0.00149338
  0.052665   0.100609  0.0146114 0.00762163   0.151084   0.111852   0.199206   0.210812   0.142371 0.00758686 0.00158141
 0.0531625   0.101188  0.0144071 0.00789981   0.150854   0.115638   0.195817     0.2115   0.140154 0.00770595 0.00167301
 0.0536432   0.101735  0.0142098 0.00825786   0.150549   0.119757   0.192198   0.212178   0.137882 0.00782135 0.00176825
 0.0541068   0.102249  0.0140196 0.00869624    0.15017   0.124196   0.188359   0.212846   0.135558 0.00793282 0.00186716
 0.0545529   0.102731  0.0138369 0.00921524   0.149716   0.128941   0.184309   0.213504   0.133184 0.00804009 0.00196981
 0.0549812    0.10318  0.0136618 0.00981499    0.14919   0.133978   0.180061    0.21415   0.130764 0.00814293 0.00207622
 0.0553915   0.103597  0.0134944  0.0104955   0.148593   0.139291   0.175626   0.214785   0.128301 0.00824109 0.00218645
 0.0557834   0.103981   0.013335  0.0112565   0.147926   0.144863   0.171016   0.215407   0.125797 0.00833433 0.00230051
   0.022472   0.0516493   0.0244868   0.0529609     0.14224    0.268157    0.101699    0.177803    0.156238  0.00227463 1.92356e-05
  0.0231491   0.0529923   0.0243125   0.0516248    0.143024    0.260008     0.10586    0.178955     0.15768  0.00237184 2.28958e-05
  0.0238338    0.054339   0.0241278   0.0502498    0.143919    0.251861    0.110077    0.180055    0.159039  0.00247188 2.70501e-05
  0.0245256   0.0556885    0.023933   0.0488391    0.144919    0.243731    0.114338    0.181104    0.160315  0.00257473 3.17416e-05
 0.0252239  0.0570396  0.0237284  0.0473961   0.146019   0.235636    0.11863   0.182104   0.161504 0.00268038 3.7016e-05
  0.0259284   0.0583911   0.0235145   0.0459242    0.147213    0.227593     0.12294    0.183058    0.162606  0.00278884 4.29207e-05
  0.0266386    0.059742   0.0232915   0.0444269    0.148493     0.21962    0.127254    0.183966    0.163619  0.00290006 4.95059e-05
  0.0273538   0.0610911   0.0230599   0.0429078    0.149855    0.211732    0.131558    0.184831     0.16454  0.00301402 5.68236e-05
  0.0280735   0.0624372   0.0228202   0.0413707    0.151291    0.203949    0.135839    0.185654    0.165369  0.00313068 6.49284e-05
  0.0287973   0.0637792   0.0225726   0.0398193    0.152795    0.196287    0.140083    0.186437    0.166105  0.00325001 7.38767e-05
  0.0295245   0.0651159   0.0223177   0.0382573    0.154358    0.188765    0.144277    0.187183    0.166747  0.00337195 8.37277e-05
  0.0302546   0.0664463   0.0220559   0.0366887    0.155975    0.181398    0.148405    0.187892    0.167293  0.00349645 9.45423e-05
  0.0309869    0.067769   0.0217877   0.0351172    0.157639    0.174204    0.152456    0.188567    0.167743  0.00362343 0.000106384
  0.0317209   0.0690831   0.0215134   0.0335468    0.159341      0.1672    0.156416     0.18921    0.168096  0.00375283 0.000119318
   0.032456   0.0703873   0.0212336   0.0319815    0.161075    0.160403    0.160271    0.189823    0.168352  0.00388456 0.000133412
  0.0331914   0.0716805   0.0209487    0.030425    0.162833    0.153828    0.164009    0.190407    0.168511  0.00401854 0.000148736
  0.0339267   0.0729617   0.0206592   0.0288815    0.164608     0.14749    0.167617    0.190965    0.168571  0.00415466 0.000165361
  0.0346611   0.0742296   0.0203656   0.0273547    0.166394    0.141406    0.171082    0.191497    0.168534  0.00429282 0.000183361
  0.0353941   0.0754833   0.0200684   0.0258487    0.168182    0.135589    0.174393    0.192006    0.168399  0.00443291 0.000202811
  0.0361249   0.0767216   0.0197681   0.0243672    0.169966    0.130054    0.177539    0.192494    0.168166  0.00457479 0.000223789
  0.0368529   0.0779436    0.019465   0.0229141    0.171739    0.124814    0.180508    0.192962    0.167836  0.00471835 0.000246373
  0.0375775   0.0791481   0.0191599   0.0214932    0.173494    0.119882     0.18329    0.193412     0.16741  0.00486343 0.000270645
  0.0382979   0.0803343    0.018853   0.0201082    0.175225    0.115268    0.185875    0.193845    0.166887   0.0050099 0.000296685
  0.0390137    0.081501    0.018545   0.0187628    0.176924    0.110985    0.188253    0.194263    0.166269  0.00515758 0.000324578
   0.039724   0.0826474   0.0182362   0.0174606    0.178587    0.107043    0.190417    0.194667    0.165557  0.00530632 0.000354408
 0.0404283  0.0837725  0.0179272  0.0162051   0.180206   0.103451   0.192358   0.195058   0.164752 0.00545595 0.00038626
  0.0411258   0.0848754   0.0176184   0.0149997    0.181777    0.100217    0.194068    0.195438    0.163854  0.00560627 0.000420221
  0.0418161   0.0859554   0.0173103   0.0138478    0.183293   0.0973492    0.195541    0.195807    0.162866  0.00575711 0.000456379
  0.0424983   0.0870115   0.0170034   0.0127525    0.184749    0.094854    0.196771    0.196168    0.161789  0.00590826 0.000494821
  0.0431719    0.088043   0.0166981   0.0117171    0.186141    0.092737    0.197753    0.196521    0.160623  0.00605952 0.000535636
  0.0438363   0.0890491   0.0163948   0.0107445    0.187463   0.0910029    0.198483    0.196866    0.159372  0.00621067 0.000578913
  0.0444908   0.0900291   0.0160941  0.00983751    0.188711    0.089655    0.198956    0.197205    0.158036   0.0063615 0.000624741
  0.0451349   0.0909824   0.0157962  0.00899897    0.189881   0.0886961    0.199169    0.197538    0.156618  0.00651178 0.000673207
  0.045768  0.0919082  0.0155016 0.00823146    0.19097  0.0881274   0.199122   0.197867   0.155119 0.00666129  0.0007244
  0.0463894   0.0928061   0.0152108  0.00753743    0.191974   0.0879496    0.198812     0.19819    0.153542  0.00680977 0.000778409
  0.0469986   0.0936754    0.014924   0.0069192    0.192889    0.088162     0.19824    0.198511    0.151889  0.00695701 0.000835319
  0.0475952   0.0945157   0.0146417  0.00637893    0.193714   0.0887628    0.197405    0.198827    0.150161  0.00710273 0.000895218
  0.0481784   0.0953265   0.0143643  0.00591864    0.194446   0.0897494    0.196309    0.199141    0.148363  0.00724671 0.000958189
 0.0487479  0.0961073   0.014092 0.00554016   0.195082  0.0911179   0.194953   0.199451   0.146495 0.00738867 0.00102432
 0.0493031  0.0968578  0.0138252 0.00524517   0.195621  0.0928637   0.193342   0.199759   0.144561 0.00752838 0.00109368
 0.0498436  0.0975777  0.0135642  0.0050352   0.196061  0.0949808   0.191478   0.200065   0.142563 0.00766556 0.00116636
 0.0503689  0.0982666  0.0133093 0.00491158   0.196402  0.0974625   0.189365   0.200368   0.140504 0.00779995 0.00124244
 0.0508785  0.0989244  0.0130608 0.00487548   0.196643   0.100301    0.18701   0.200668   0.138386 0.00793131 0.00132198
 0.0513721  0.0995509  0.0128189 0.00492789   0.196783   0.103488   0.184417   0.200966   0.136212 0.00805936 0.00140507
 0.0518492   0.100146  0.0125839 0.00506964   0.196823   0.107013   0.181594   0.201261   0.133986 0.00818385 0.00149176
 0.0523095   0.100709  0.0123559 0.00530137   0.196762   0.110865   0.178548   0.201553   0.131709 0.00830451 0.00158213
 0.0527526   0.101241  0.0121353 0.00562353   0.196602   0.115035   0.175286   0.201842   0.129386  0.0084211 0.00167624
 0.0531783   0.101741  0.0119222 0.00603642   0.196342   0.119509   0.171819   0.202128   0.127018 0.00853336 0.00177415
 0.0535861   0.102209  0.0117167 0.00654013   0.195985   0.124274   0.168154    0.20241   0.124609 0.00864104  0.0018759
 0.0539759   0.102646   0.011519 0.00713459   0.195531   0.129316   0.164303   0.202687   0.122162  0.0087439 0.00198156
 0.0543474   0.103051  0.0113292 0.00781957   0.194983   0.134622   0.160274   0.202961    0.11968  0.0088417 0.00209116
  0.0219895   0.0505371   0.0244798   0.0632196    0.161071    0.248851   0.0867614    0.187102    0.153518  0.00246361 7.12061e-06
  0.0226501   0.0518649   0.0242716   0.0616012    0.162628    0.241418   0.0901896    0.187954    0.154846  0.00256695 9.30153e-06
   0.023318   0.0531969   0.0240522   0.0599368    0.164305    0.233978   0.0936962    0.188741    0.156091  0.00267319 1.18871e-05
  0.0239927    0.054532   0.0238219   0.0582301    0.166094    0.226544   0.0972705    0.189466    0.157251  0.00278231 1.49182e-05
  0.0246739   0.0558692   0.0235811   0.0564849     0.16799    0.219132    0.100901    0.190131    0.158325   0.0028943 1.84379e-05
  0.0253611   0.0572073   0.0233303   0.0547052    0.169986    0.211755    0.104577    0.190736     0.15931  0.00300915 2.24918e-05
  0.0260536   0.0585452   0.0230699   0.0528952    0.172074    0.204431    0.108285    0.191286    0.160206  0.00312681 2.71275e-05
   0.026751   0.0598818   0.0228002   0.0510588    0.174247    0.197175    0.112014    0.191781    0.161012  0.00324727 3.23953e-05
  0.0274529    0.061216   0.0225219   0.0492005    0.176498    0.190001    0.115751    0.192224    0.161725  0.00337047 3.83477e-05
  0.0281585   0.0625466   0.0222353   0.0473243    0.178819    0.182927    0.119485    0.192618    0.162346  0.00349638 4.50396e-05
  0.0288675   0.0638725   0.0219409   0.0454348    0.181201    0.175967    0.123203    0.192964    0.162872  0.00362493 5.25283e-05
  0.0295791   0.0651926   0.0216392   0.0435362    0.183637    0.169138    0.126891    0.193265    0.163304  0.00375606 6.08735e-05
  0.0302928   0.0665057   0.0213308   0.0416331    0.186119    0.162455    0.130539    0.193524     0.16364   0.0038897 7.01373e-05
 0.0310081  0.0678107  0.0210161  0.0397298   0.188639   0.155934   0.134132   0.193743   0.163881 0.00402577 8.0384e-05
  0.0317243   0.0691065   0.0206956   0.0378308    0.191188     0.14959     0.13766    0.193923    0.164026  0.00416419 9.16803e-05
  0.0324407   0.0703919   0.0203699   0.0359406    0.193759    0.143438    0.141109    0.194068    0.164074  0.00430486 0.000104095
 0.0331569  0.0716659  0.0200395  0.0340636   0.196343   0.137492   0.144467    0.19418   0.164026 0.00444767  0.0001177
   0.033872   0.0729274    0.019705   0.0322044    0.198932    0.131768    0.147723    0.194261    0.163882  0.00459251 0.000132568
  0.0345856   0.0741753   0.0193668   0.0303672    0.201517    0.126279    0.150865    0.194313    0.163642  0.00473927 0.000148775
  0.0352969   0.0754086   0.0190256   0.0285565    0.204092    0.121039    0.153881    0.194339    0.163306  0.00488781 0.000166398
  0.0360054   0.0766262   0.0186818   0.0267767    0.206648     0.11606    0.156762    0.194341    0.162876  0.00503799 0.000185517
  0.0367103   0.0778271    0.018336   0.0250319    0.209177    0.111355    0.159495     0.19432    0.162351  0.00518968 0.000206214
  0.037411  0.0790103  0.0179887  0.0233265   0.211673   0.106936   0.162072    0.19428   0.161732 0.00534271 0.00022857
  0.0381069   0.0801749   0.0176405   0.0216644    0.214127    0.102813    0.164482    0.194221    0.161021  0.00549692 0.000252672
  0.0387972   0.0813199   0.0172919   0.0200499    0.216532   0.0989979    0.166716    0.194146    0.160218  0.00565214 0.000278605
  0.0394815   0.0824444   0.0169434   0.0184868    0.218882   0.0954994    0.168766    0.194057    0.159325  0.00580819 0.000306458
  0.040159  0.0835475  0.0165955  0.0169789    0.22117  0.0923267   0.170623   0.193956   0.158343 0.00596488 0.00033632
  0.040829  0.0846284  0.0162487  0.0155301   0.223389  0.0894878    0.17228   0.193843   0.157274 0.00612203 0.00036828
  0.041491  0.0856863  0.0159036  0.0141439   0.225534    0.08699    0.17373   0.193721   0.156118 0.00627942 0.00040243
  0.0421443   0.0867204   0.0155606   0.0128237    0.227598   0.0848396    0.174967    0.193592    0.154879  0.00643685 0.000438862
  0.0427883     0.08773   0.0152201   0.0115731    0.229576   0.0830422    0.175986    0.193456    0.153557  0.00659409 0.000477668
  0.0434224   0.0887143   0.0148827    0.010395    0.231464   0.0816022     0.17678    0.193315    0.152154  0.00675094 0.000518943
  0.0440461   0.0896727   0.0145488  0.00929271    0.233255   0.0805235    0.177347    0.193171    0.150673  0.00690715 0.000562778
  0.0446586   0.0906045   0.0142188  0.00826899    0.234946   0.0798085    0.177683    0.193024    0.149116   0.0070625 0.000609268
  0.0452594   0.0915093   0.0138932   0.0073266    0.236532   0.0794591    0.177785    0.192875    0.147485  0.00721674 0.000658506
   0.045848   0.0923863   0.0135723  0.00646811    0.238011    0.079476    0.177651    0.192726    0.145781  0.00736962 0.000710585
  0.0464239   0.0932353   0.0132566  0.00569592    0.239377    0.079859     0.17728    0.192577    0.144009  0.00752091 0.000765597
  0.0469864   0.0940556   0.0129464  0.00501223    0.240629   0.0806068    0.176671    0.192429     0.14217  0.00767034 0.000823634
  0.0475352   0.0948468   0.0126421  0.00441909    0.241763   0.0817174    0.175825    0.192283    0.140266  0.00781767 0.000884786
  0.0480696   0.0956087   0.0123439  0.00391834    0.242778   0.0831874    0.174743    0.192139      0.1383  0.00796263 0.000949144
 0.0485892  0.0963408  0.0120523 0.00351165   0.243671  0.0850129   0.173427   0.191997   0.136276 0.00810496 0.00101679
 0.0490936  0.0970429  0.0117675 0.00320047   0.244441  0.0871887   0.171879   0.191859   0.134195  0.0082444 0.00108782
 0.0495824  0.0977148  0.0114897 0.00298609   0.245087  0.0897087   0.170102   0.191725   0.132061  0.0083807 0.00116231
  0.050055  0.0983563  0.0112193 0.00286957   0.245607  0.0925662   0.168102   0.191594   0.129876 0.00851358 0.00124034
 0.0505112  0.0989672  0.0109565 0.00285181   0.246002  0.0957531   0.165881   0.191468   0.127644  0.0086428   0.001322
 0.0509505  0.0995475  0.0107015 0.00293347   0.246272  0.0992608   0.163447   0.191345   0.125367 0.00876809 0.00140735
 0.0513727   0.100097  0.0104544 0.00311505   0.246416    0.10308   0.160805   0.191227   0.123048  0.0088892 0.00149648
 0.0517773   0.100616  0.0102155 0.00339684   0.246435   0.107199   0.157962   0.191113    0.12069 0.00900588 0.00158944
 0.0521642   0.101104 0.00998482 0.00377891   0.246331   0.111609   0.154925   0.191003   0.118297 0.00911788 0.00168632
 0.0525329   0.101561  0.0097626 0.00426115   0.246104   0.116296   0.151703   0.190897    0.11587 0.00922497 0.00178716
 0.0528834   0.101988 0.00954891 0.00484327   0.245755   0.121248   0.148304   0.190796   0.113415  0.0093269 0.00189203
  0.0215025   0.0493478   0.0248403   0.0745914    0.178991    0.228399   0.0715244    0.197578    0.150564   0.0026602 1.56787e-06
  0.0221463   0.0506586   0.0245967   0.0726959     0.18135    0.221703   0.0741847    0.198119    0.151775  0.00276924 2.48674e-06
  0.0227972   0.0519741   0.0243409   0.0707471    0.183837    0.214989   0.0769461    0.198581    0.152902  0.00288122 3.72404e-06
  0.0234548   0.0532931   0.0240732   0.0687491    0.186445    0.208271   0.0797997    0.198969    0.153944  0.00299612 5.31802e-06
  0.0241186   0.0546146   0.0237942   0.0667064    0.189166     0.20156   0.0827359    0.199284      0.1549  0.00311392 7.30926e-06
  0.0247881   0.0559375   0.0235042   0.0646233    0.191994    0.194869   0.0857449    0.199528    0.155767  0.00323461 9.74075e-06
